792255145
831241117
19067999669
41330349026
72246478051
83716099567
83989515282
84543574095
97052242402
97486237142
115474754965
230426181654
243979318455
373356775575
472520810892
530774787122
538572174585
730539931692
761656678401
909689295692
924277565913
1011373482895
1395052184356
1474020794384
1478076294790
1481439296832
1526711778030
1567768486920
1873840093783
1992501153947
2196588164126
2270771075157
2372426591244
2403087091754
2533912376670
3206138859120
3349567298870
3388526190651
3401282357808
3417939792233
3457396881410
3578838175456
3685696600493
3712942990629
3796130019404
3858303621478
3874355004810
4476354769618
4501570699143
4620609462782
4694660387348
4729648367702
4748343574030
4803462718276
4968830078267
5251613686658
5300915464719
5442596629936
5701533570379
5817328599344
6138310076057
6751131023004
6788024509067
6842658535274
6925825670669
6938456612262
6956863117772
7088816360288
7092589483256
7198019479813
7296060361995
7328472711622
7330761901087
7376941025241
7517052457133
7543280769401
7628035694744
7662872965378
7733722451518
7751349617535
8052893948304
8167311230500
8241046977405
8368688267700
8436026843162
8538791068724
8609929184344
8644310585685
8695564787217
8840696429230
8862027669760
9011839632150
9014278432366
9122547987453
9201307219378
9202445021536
9581308081953
9885136694076
9921324660806
9999747804241