27632037
27411372
27306624
27346084
27265305
27207827
27480267
27994005
27051969
27242208
27174755
27071579
27061131
27383863
27093181
27779592
27287748
27341419
27097061
27349182
27000918
27045636
27190663
27197150
27386592
27122857
27336501
27970717
27888723
27767018
27461601
27328809
27917350
27194724
27117087
27855241
27937658
27512365
27366648
27494922
27540026
27996510
27715735
27882478
27064699
27390795
27207965
27810517
27011821
27215008
27251223
27542758
27510690
27204039
27191212
27197411
27551612
27782649
27713486
27643546
27727813
27718661
27700589
27699626
27351568
27002703
27716097
27419553
27100959
27491116
27406022
27638063
27841392
27399916
27431401
27696730
27989389
27350252
27847945
27922492
27766233
27435617
27966432
27643923
27695954
27588497
27215176
27374507
27329346
27473309
27814847
27065570
27140374
27439977
27936813
27258197
27721904
27708407
27532516
27199315
27147820
27776600
27807420
27633154
27642818
27199911
27279436
27777902
27794932
27441619
27453500
27493490
27944196
27621410
27726766
27915300
27098623
27310058
27660407
27114373
27374594
27749384
27352775
27493890
27116047
27561126
27251887
27591404
27959503
27702077
27064169
27181007
27597213
27053593
27797668
27405876
27407835
27393461
27629394
27331487
27675806
27102412
27010026
27099638
27829575
27370684
27595287
27820202
27774272
27444968
27865603
27369488
27959059
27921666
27847031
27372828
27060518
27954819
27818105
27612905
27006235
27753108
27118204
27828131
27012942
27891824
27424623
27486634
27965303
27640220
27476871
27290038
27574900
27326068
27119131
27242584
27819626
27881149
27219180
27078073
27047948
27176946
27441991
27062760
27562416
27508667
27107937
27804039
27738945
27158969
27074082
27796473
27346858
27606449
27660196
27681928
27783441
27041196
27823460
27907841
27030052
27798415
27386793
27822625
27227977
27868729
27077679
27038550
27441214
27433249
27019189
27790120
27467424
27551954
27967637
27713700
27754308
27129463
27744990
27776658
27718836
27149025
27567533
27808255
27065772
27250093
27680073
27220258
27997353
27309979
27570329
27694949
27247716
27212344
27708634
27300536
27181671
27231839
27230066
27459065
27642180
27723923
27638469
27349842
27747566
27244925
27024631
27647626
27064245
27916527
27946103
27426711
27840343
27785695
27233388
27745587
27145850
27822425
27869572
27547514
27212634
27854391
27406946
27039049
27439832
27334939
27131001
27826117
27389458
27836141
27677575
27072270
27812454
27151917
27676430
27160385
27077373
27970902
27153408
27162886
27197472
27750180
27369758
27908744
27677426
27722247
27449188
27535415
27875738
27553317
27489349
27388522
27333482
27503583
27140312
27627256
27048215
27748213
27305695
27510344
27281949
27104944
27950288
27626273
27461882
27517138
27564493
27281137
27215214
27168131
27794316
27821707
27917010
27762305
27893039
27412958
27874762
27562778
27627341
27169560
27213325
27267084
27955965
27533893
27049179
27476577
27165935
27939699
27557961
27285159
27472521
27629101
27077593
27627730
27306156
27168620
27689485
27507738
27608366
27433608
27066580
27913608
27305292
27757475
27591982
27004321
27480624
27491503
27087916
27318664
27215108
27264974
27320198
27968778
27386952
27955772
27144149
27627095
27360511
27953652
27255185
27818170
27742866
27932339
27848247
27029507
27957364
27619696
27374438
27662743
27939339
27455780
27439561
27855880
27529523
27006894
27934527
27374420
27024371
27702899
27649992
27666742
27379112
27207460
27526395
27322053
27258311
27797874
27127794
27926076
27311643
27961997
27307560
27858339
27131968
27714587
27657586
27798705
27933657
27714195
27453941
27533887
27241553
27234837
27884049
27041394
27643581
27109867
27292182
27832439
27679018
27802969
27720034
27527330
27607313
27757469
27246973
27287726
27082936
27469828
27822500
27171540
27977432
27554640
27073982
27834724
27349463
27875059
27583196
27762568
27135839
27549386
27460499
27654807
27932968
27867511
27164955
27093337
27785082
27690660
27562977
27935992
27504679
27879143
27735624
27814414
27202527
27622783
27912341
27651292
27056733
27891263
27465623
27253139
27586074
27353660
27120130
27125142
27991702
27985512
27651498
27306279
27097948
27821717
27839971
27282696
27850778
27788778
27319853
27811478
27531494
27371714
27859619
27584362
27306799
27174709
27866030
27719508
27147266
27061433
27337948
27376345
27894838
27704578
27060866
27888372
27240508
27794105
27669380
27249920
27843070
27189384
27407161
27548452
27226446
27758774
27277273
27464816
27169095
27168845