1007 1003 1000 1008
1003 1005 1008 1005
1003 6147 7794 1004
1002 1001 5784 1000
1007 1001 1005 1008
1002 1009 1002 1009
1002 5393 1007 1002
6502 1002 8252 1009
1004 1009 1003 1000
1002 1001 1007 1000
1000 1008 1005 5696
1000 1003 1001 1005
1005 1006 1007 1003
1001 1007 1009 1006
1000 1003 1005 1003
1007 1004 6666 1003
1007 1003 1006 1006
1003 1006 1009 1003
1006 1009 1001 1005
1009 1003 1008 1001
1001 1006 1004 1000
1001 1002 1000 1002
8894 1008 1002 1004
1001 1004 1001 1000
1009 1002 1008 1006
1000 1003 1008 1004
1005 1004 1007 1009
1000 1000 1000 1004
1003 1006 2644 1002
1006 3295 1006 2874
1003 1000 1003 1006
1008 1004 1008 1007
1005 1006 1009 1000
1008 4435 1005 1005
1006 1007 1001 1005
1004 1004 1000 1003
1001 1009 1000 1007
1004 5436 1005 1006
1007 1003 1007 1001
1000 1004 1005 7062
1003 1009 1005 1009
1009 1009 1003 1006
1003 1006 1008 1009
2094 2930 4023 8124
1000 1007 1004 1007
1000 1001 1006 1006
1001 1004 1008 1009
1008 1009 1005 1000
1009 1003 1005 1002
1000 1004 1000 3624