1:5,7,3,1,9,1,9,4,2,9,8,9,9,8,9,5,1,9,6,9,6,2,6,2,4,4,1,1,7,7
2:5,5,1,9,4,1,8,6,6,4,8,2,1,5,2,5,3,8,5,2,2,7,2,3,8,4,4,2,1,4
3:7,2,3,8,2,6,9,1,7,6,8,7,4,4,4,9,2,4,6,6,2,1,6,5,8,3,6,8,5,8
4:4,7,6,7,2,5,3,9,6,5,6,7,2,8,4,1,4,8,6,3,9,6,9,4,2,4,8,7,9,8
5:4,1,8,6,4,3,1,2,1,1,7,1,4,9,2,6,5,6,7,4,8,9,4,5,6,8,7,4,1,7
6:6,3,7,7,3,4,5,9,8,7,6,2,7,7,1,3,7,4,3,2,8,8,2,9,3,4,4,1,6,7
7:2,6,8,4,8,7,4,2,2,4,4,9,9,8,2,5,1,8,1,2,4,2,8,6,4,9,7,3,5,1
8:2,7,3,3,1,6,2,8,1,7,7,8,5,1,3,2,8,6,6,8,4,2,2,5,3,9,6,8,2,4
9:1,5,7,2,9,8,2,9,9,6,1,8,1,9,4,8,3,1,4,1,8,4,1,9,5,2,3,6,1,4
10:9,4,3,8,5,9,1,8,2,4,5,8,7,2,3,9,5,1,5,8,4,8,2,2,3,7,5,2,3,8
11:6,6,8,8,3,3,2,9,4,2,5,9,8,1,8,9,4,4,8,3,4,5,8,3,3,8,6,5,1,5
12:4,8,9,2,1,1,3,6,9,4,4,7,1,2,2,6,6,5,6,1,6,2,7,7,1,9,4,5,5,7
13:4,7,2,5,2,3,4,4,9,8,7,2,6,2,5,8,9,9,4,6,5,9,8,7,4,2,7,2,3,6
14:3,4,7,3,5,6,1,6,7,7,7,2,5,6,4,6,1,1,9,9,5,2,7,8,3,2,5,5,7,6
15:4,3,5,9,9,2,9,5,9,6,1,6,8,5,8,7,1,8,4,8,3,3,5,9,6,2,6,3,3,5
16:5,7,1,2,2,5,3,9,9,2,6,1,5,6,1,8,3,2,5,5,5,5,1,8,6,2,5,9,2,2
17:7,2,2,8,9,5,6,6,8,6,5,2,9,6,1,4,8,8,6,7,5,5,3,9,1,9,7,2,5,9
18:8,4,2,7,5,3,4,2,7,2,3,5,3,8,6,2,7,3,3,3,3,4,3,7,9,7,7,5,8,2
19:6,7,8,3,9,9,8,7,9,3,8,1,3,2,1,6,9,2,9,5,4,7,9,7,8,4,2,8,9,2
20:2,6,5,5,1,4,6,5,5,3,9,4,9,4,1,1,4,1,4,4,6,2,4,1,8,8,2,6,4,8
21:4,5,2,7,5,8,6,2,6,4,8,3,6,3,8,2,4,8,1,4,8,2,4,2,9,1,4,1,5,5
22:2,1,6,6,2,1,3,8,9,1,1,6,4,7,3,1,4,6,4,9,6,6,8,2,6,6,3,4,1,7
23:8,6,1,9,3,6,8,8,9,8,6,7,3,6,9,6,1,9,7,4,8,3,2,2,8,8,5,6,7,4
24:9,2,9,9,2,9,5,7,4,1,4,3,2,8,2,2,5,2,9,1,5,6,7,3,9,4,3,8,1,9
25:2,4,9,3,1,5,5,9,1,5,7,3,5,5,1,9,9,1,2,1,1,1,1,2,6,1,9,9,6,5
26:5,6,5,6,6,3,4,7,3,8,7,3,7,6,6,3,1,1,7,1,4,8,3,9,6,1,4,8,7,7
27:9,5,9,8,6,2,1,1,9,5,2,9,3,1,1,9,6,7,6,3,1,6,9,6,3,5,2,9,8,2
28:9,5,2,8,1,3,6,5,6,8,7,7,8,9,4,2,2,8,4,3,1,1,6,8,3,8,1,2,6,4
29:1,2,7,3,4,1,6,4,4,4,1,4,3,2,7,9,8,4,9,2,4,2,1,4,8,6,3,3,2,3
30:5,6,5,4,6,2,8,2,5,9,8,2,2,7,6,3,4,1,2,8,1,3,9,4,4,5,3,8,6,6
31:6,4,6,8,5,7,9,6,7,3,8,7,5,7,5,2,3,8,5,5,3,4,5,7,9,7,4,4,1,5
32:9,8,8,4,7,9,2,6,9,7,1,8,6,7,4,6,1,3,1,4,2,5,4,4,8,1,7,7,1,9
33:6,3,7,1,4,9,7,9,6,3,7,6,6,7,2,8,6,5,7,3,3,6,7,9,9,6,6,7,4,7
34:9,9,4,4,2,4,9,4,6,1,7,3,5,7,3,1,3,2,7,7,8,2,6,9,6,4,7,5,7,8
35:9,5,9,8,6,2,1,1,9,5,2,9,3,1,1,9,6,7,6,3,1,6,9,6,3,5,2,9,8,8
36:7,8,1,2,6,6,8,7,4,8,3,7,8,4,5,2,6,5,2,5,2,9,6,1,4,8,9,6,1,6
37:1,6,4,2,9,1,7,9,4,8,1,7,2,8,2,7,3,5,1,9,6,3,9,7,9,8,9,6,5,2
38:4,2,3,8,9,2,9,6,5,6,4,6,7,3,4,7,8,5,5,3,7,4,8,5,5,1,2,9,5,3
39:1,2,7,3,4,1,6,4,4,4,1,4,3,2,7,9,8,4,9,2,4,2,1,4,8,6,3,3,2,3
40:2,5,2,8,4,4,7,4,2,5,9,1,8,8,4,9,4,8,6,1,4,4,8,1,9,8,6,8,2,8
41:5,7,3,8,9,1,9,1,7,5,8,5,9,2,3,8,6,5,5,3,9,6,9,2,2,6,2,7,4,1
42:8,5,3,8,8,9,9,8,1,5,1,2,4,9,5,6,4,8,5,6,7,8,7,6,6,6,1,8,9,5
43:5,5,6,1,9,5,7,3,8,7,5,6,6,9,6,8,6,5,4,7,2,5,9,5,5,6,8,3,2,4
44:4,4,3,5,3,6,6,2,4,7,8,2,5,9,3,1,3,5,9,1,1,5,5,7,3,4,5,6,1,1
45:4,6,8,2,8,1,4,1,2,5,8,4,5,2,5,7,4,8,6,6,8,7,9,2,9,7,6,8,3,1
46:5,5,5,7,6,4,3,4,8,8,7,4,4,3,3,1,2,2,5,9,5,3,9,1,1,7,1,4,2,3
47:8,9,9,4,4,2,6,5,9,3,9,4,1,8,9,5,7,6,2,7,7,1,2,7,2,9,4,1,9,7
48:7,9,5,7,8,3,6,5,8,2,8,5,7,2,4,6,8,3,4,9,7,2,6,3,3,1,3,6,4,3
49:8,5,5,5,7,9,9,4,4,9,6,8,8,6,6,3,8,8,8,1,4,7,7,4,2,9,3,4,9,5
50:9,9,2,2,9,7,2,6,2,1,8,3,5,5,4,3,3,5,4,1,5,4,8,8,9,8,2,5,5,4
51:2,5,1,3,5,2,1,5,7,5,8,7,1,3,3,2,9,9,7,2,1,8,6,3,2,8,8,4,7,9
52:1,6,8,5,5,5,2,9,5,3,4,6,2,4,3,9,1,7,4,4,4,5,3,7,2,9,2,7,4,3
53:1,6,1,4,9,6,3,8,2,4,7,4,7,3,3,8,2,5,2,6,2,4,2,5,5,2,5,2,3,3
54:8,8,7,9,6,1,2,7,6,8,5,5,2,7,2,3,4,4,6,3,6,6,6,5,4,5,2,1,6,4
55:8,4,3,8,1,1,3,7,2,1,6,6,2,2,6,3,1,5,6,9,5,8,8,1,1,8,7,8,1,2
56:2,7,8,6,3,8,7,5,8,5,4,7,7,4,4,2,1,2,1,2,7,4,5,4,2,6,7,7,5,3
57:6,7,8,4,3,9,3,3,8,6,1,8,8,1,5,3,1,2,9,7,8,6,2,8,7,9,8,7,8,7
58:2,7,8,6,3,8,7,5,8,5,4,7,7,4,4,2,1,2,1,2,7,4,5,4,2,6,7,7,5,7
59:3,2,1,9,3,4,8,5,6,3,1,4,2,1,8,5,1,5,1,5,7,8,3,3,5,7,8,6,3,5
60:8,6,5,4,5,2,1,7,8,3,8,4,2,4,5,7,7,2,4,1,9,6,8,6,2,1,1,7,6,5
61:3,2,9,8,3,4,3,1,2,5,2,8,1,8,9,8,4,9,5,6,7,3,7,7,2,8,2,2,8,5
62:7,7,9,3,9,4,8,6,8,5,9,7,6,7,5,9,9,6,9,8,9,3,2,5,1,2,2,9,1,8
63:2,2,9,1,6,9,2,1,5,8,8,5,6,3,2,9,2,7,2,7,6,1,8,7,3,3,5,8,5,4
64:8,8,7,9,6,1,2,7,6,8,5,5,2,7,2,2,4,4,6,3,6,6,6,5,4,5,2,1,6,4
65:9,8,1,5,9,9,5,4,8,7,1,2,9,9,9,8,5,1,5,3,2,8,7,8,2,5,5,8,7,9
66:1,2,5,4,5,6,2,4,9,5,3,3,6,1,7,6,3,2,5,7,9,9,8,5,5,6,8,4,9,7
67:1,2,7,3,4,1,6,4,4,4,1,4,3,2,7,9,8,4,9,7,4,2,1,4,8,6,3,3,2,3
68:7,8,7,4,9,2,5,3,7,4,4,9,7,2,8,9,6,4,9,9,7,4,6,8,1,6,8,2,7,9
69:6,7,8,3,9,9,8,7,9,3,8,1,3,2,1,6,9,2,9,5,4,7,9,7,8,4,2,8,9,6
70:3,5,2,8,1,4,5,5,1,5,8,4,5,9,8,5,4,2,2,2,6,1,3,1,1,9,4,4,2,6
71:7,1,1,2,9,1,2,2,3,1,4,4,1,4,8,7,1,8,5,9,5,5,3,2,6,8,4,3,5,6
72:5,9,6,8,4,2,7,5,5,2,1,6,1,2,4,4,7,8,2,9,6,3,3,3,2,8,1,3,7,7
73:4,5,4,5,5,1,1,3,3,2,3,5,8,8,7,1,1,5,7,8,3,9,6,3,6,7,9,4,6,6
74:6,5,3,2,9,4,5,9,7,5,6,7,8,9,2,5,8,6,4,6,4,2,5,6,6,4,6,4,4,2
75:8,6,1,2,1,3,8,3,8,1,6,9,1,4,4,8,6,5,1,3,8,3,1,4,8,3,7,9,2,3
76:5,4,3,2,7,2,1,5,9,6,6,7,8,6,3,4,3,5,9,5,1,2,5,2,2,7,2,5,3,8
77:5,1,1,5,9,6,8,3,2,1,3,7,5,1,3,8,7,4,2,1,9,8,4,6,4,8,1,7,2,4
78:7,3,8,4,8,8,6,8,2,8,5,8,2,3,5,4,8,7,7,3,1,9,8,2,5,2,9,4,4,4
79:9,4,3,2,6,4,2,4,5,1,5,6,6,4,7,6,5,2,3,6,7,1,7,6,7,5,7,2,5,5
80:5,7,1,2,2,5,3,9,9,2,6,1,5,6,1,8,3,2,5,5,5,5,1,8,6,2,5,9,2,3
81:5,2,8,1,2,8,5,8,1,3,2,4,1,6,6,4,6,6,6,7,5,4,6,2,6,3,4,7,2,6
82:3,2,1,9,3,4,8,5,6,3,1,4,2,1,8,5,1,5,1,5,7,8,3,3,5,7,8,6,3,9
83:7,2,3,8,2,6,9,1,7,6,8,7,4,4,4,9,2,4,6,6,2,1,6,5,8,3,6,8,5,8
84:9,4,4,5,3,3,9,7,7,8,8,5,3,5,5,3,2,5,6,4,5,6,1,9,8,8,9,1,2,3
85:4,8,6,8,2,8,2,7,7,5,7,6,3,9,6,8,4,1,4,1,6,1,4,7,7,2,2,5,1,8
86:4,8,1,6,8,5,3,5,4,4,9,7,7,9,4,6,3,3,7,9,8,4,7,3,5,4,2,9,3,6
87:9,6,4,6,4,5,5,9,6,4,1,8,1,3,7,6,9,9,8,3,4,5,4,1,3,9,9,8,9,7
88:4,7,5,2,1,2,6,9,8,9,4,7,9,4,4,1,1,1,4,1,4,5,5,8,2,5,2,8,9,7
89:1,4,6,1,2,3,3,1,2,3,9,1,4,7,4,4,5,8,7,2,6,2,9,2,4,4,9,7,3,8
90:8,6,1,8,3,5,1,4,9,6,5,4,9,8,5,6,2,4,2,5,5,6,9,2,9,6,1,5,5,7
91:8,5,1,9,2,7,1,9,5,2,2,5,4,1,3,1,2,2,4,3,4,2,3,8,5,2,4,1,7,1
92:6,9,6,6,7,8,3,5,6,9,6,9,5,4,7,6,6,9,8,7,6,4,3,1,1,6,2,9,2,2
93:7,1,1,2,9,1,2,2,3,1,4,4,1,4,8,7,1,8,5,9,5,5,3,2,6,8,4,3,5,3
94:4,2,9,7,3,3,7,1,3,2,1,6,1,2,1,5,1,6,3,3,5,6,9,7,2,8,6,4,6,5
95:9,5,9,4,1,6,1,6,1,8,1,4,6,4,6,6,1,8,5,5,5,2,7,7,8,6,6,7,6,7
96:1,1,3,9,7,2,9,8,4,7,1,7,4,7,2,8,9,1,6,5,1,1,9,1,4,9,9,7,1,8
97:3,9,2,2,7,8,2,6,9,7,5,9,9,8,3,1,9,7,5,7,8,2,5,7,1,1,1,9,2,8
98:4,2,4,8,9,2,9,6,5,6,4,6,7,3,4,7,8,5,5,3,7,4,8,5,5,1,2,9,5,3
99:4,8,6,8,5,8,2,7,7,5,7,6,3,9,6,8,4,1,4,1,6,1,4,7,7,2,2,5,1,8
100:1,6,7,2,3,4,9,4,5,2,6,9,6,2,1,3,8,9,7,9,8,9,6,7,5,5,2,8,7,2
101:5,7,3,8,9,1,9,1,7,5,8,5,9,2,3,8,6,5,5,3,9,6,9,2,2,6,2,7,4,9
102:2,1,8,6,2,4,3,2,6,4,8,8,6,9,9,2,6,8,5,3,8,5,5,7,2,8,9,5,6,4
103:3,8,4,3,2,2,8,6,1,3,8,7,9,8,8,7,5,9,5,6,1,4,1,5,5,9,5,8,2,4
104:2,5,1,3,5,2,1,5,7,5,8,7,1,3,3,2,9,2,7,2,1,8,6,3,2,8,8,4,7,6
105:5,8,4,8,5,2,6,6,8,9,6,9,4,2,3,6,2,7,4,8,7,3,2,5,8,1,5,1,2,1
106:7,2,3,8,2,9,9,1,7,6,8,7,4,4,4,9,2,4,6,6,2,1,6,5,8,3,6,8,5,8
107:2,6,5,5,1,4,6,5,5,3,9,4,9,4,1,1,4,1,4,4,6,2,4,1,8,8,2,6,4,6
108:3,4,5,5,4,3,3,7,4,6,4,7,4,6,1,3,5,8,5,7,7,2,7,2,8,9,7,1,5,1
109:9,4,4,6,1,5,2,1,6,4,5,7,3,7,2,7,6,5,6,8,8,8,8,1,5,5,4,2,7,5
110:4,5,8,3,3,8,1,3,6,2,1,1,4,3,9,9,3,2,7,9,4,6,9,4,2,6,2,3,6,9
111:9,8,4,1,2,8,8,4,3,2,5,1,9,2,6,4,7,1,1,8,5,4,1,6,9,2,5,5,8,1
112:1,8,3,7,3,6,4,7,6,2,1,9,8,5,5,8,1,1,9,2,4,4,3,3,1,2,2,4,9,9
113:7,1,2,7,7,7,8,7,5,5,5,9,4,2,7,9,5,6,9,4,2,3,9,1,5,5,7,8,5,6
114:9,6,1,9,4,8,2,6,2,2,8,1,6,3,3,5,3,1,3,9,6,8,6,1,1,4,9,6,5,6
115:9,3,4,9,6,6,4,6,6,9,8,7,7,8,5,4,1,7,6,7,3,2,2,8,4,2,9,8,2,1
116:9,8,4,1,2,8,8,4,3,2,5,1,9,2,6,4,7,1,1,8,5,4,1,6,9,2,5,5,8,7
117:3,3,4,1,5,2,4,6,8,9,7,8,9,9,4,3,1,2,3,6,8,9,4,7,5,2,9,6,5,7
118:1,4,5,6,7,8,1,5,2,9,1,8,9,5,3,7,1,7,5,9,2,8,4,8,2,6,9,4,5,2
119:1,3,4,1,5,2,4,6,8,9,7,8,9,9,4,3,1,2,3,6,8,9,4,7,5,2,9,6,5,6
120:7,6,5,3,5,2,7,1,8,3,7,4,8,5,1,5,5,8,4,9,3,3,8,4,3,2,8,7,6,2
121:3,1,1,4,7,4,3,9,9,5,8,2,8,8,6,6,8,9,7,7,1,6,5,9,6,4,9,4,1,2
122:8,9,3,3,7,8,4,6,2,1,4,7,5,1,4,2,6,4,7,5,6,8,8,5,4,4,2,2,6,2
123:7,6,5,3,5,2,7,1,8,3,7,4,8,5,1,5,5,8,4,9,3,3,8,4,3,4,8,7,6,7
124:8,8,8,5,4,6,6,2,4,6,7,5,3,5,1,6,5,8,7,2,2,6,4,9,9,5,9,2,7,7
125:2,8,5,6,1,2,6,1,8,7,5,6,4,3,8,3,2,2,4,9,8,3,2,4,8,3,7,9,1,7
126:2,4,3,7,9,5,7,3,2,3,1,3,5,2,1,4,2,6,3,6,2,4,1,5,8,4,8,1,8,1
127:9,5,7,6,8,6,6,8,3,2,2,1,7,1,9,3,6,7,6,6,6,1,1,1,2,9,9,4,5,9
128:4,3,5,9,4,3,1,4,1,7,2,3,2,4,2,9,7,1,8,3,1,4,1,4,9,7,6,2,9,5
129:7,8,1,2,6,6,8,7,4,8,3,7,8,4,5,2,6,5,2,5,2,9,6,1,4,8,9,6,1,4
130:1,3,1,4,5,5,8,6,6,2,5,6,4,9,2,2,6,2,2,8,3,5,2,6,2,6,8,6,8,9
131:8,6,2,7,5,3,4,2,7,2,3,5,3,8,6,2,7,3,3,3,3,4,3,7,9,7,7,5,8,4
132:5,9,1,8,3,4,3,1,1,6,2,6,8,7,8,9,8,5,1,1,8,2,6,7,3,4,7,3,2,8
133:6,3,3,4,9,7,7,3,4,5,1,9,9,6,4,4,1,2,6,2,1,3,3,1,9,9,4,5,4,7
134:8,4,2,7,5,3,4,2,7,2,3,5,3,8,6,2,7,3,3,3,3,4,3,7,9,7,7,5,8,4
135:9,6,5,6,6,1,6,2,8,5,2,5,3,9,7,2,1,2,5,4,8,6,3,7,4,7,9,2,4,3
136:9,8,5,1,7,2,3,8,2,3,7,3,2,7,9,7,5,5,9,7,5,1,9,7,4,1,9,9,2,6
137:6,8,5,7,8,8,3,5,3,5,3,6,4,5,4,8,3,4,4,4,4,9,3,3,6,4,7,1,6,6
138:4,1,3,3,8,5,1,4,7,1,3,3,4,5,5,4,8,6,4,4,7,8,7,6,9,9,7,7,9,1
139:5,4,1,9,5,8,2,1,7,6,3,6,9,3,8,7,4,8,3,1,3,3,6,3,8,3,1,6,3,5
140:1,8,1,5,8,2,5,7,2,6,1,8,6,7,6,5,8,7,2,6,4,5,5,4,4,7,1,5,3,5
141:8,2,7,7,6,5,1,8,8,5,2,2,3,2,2,9,5,2,6,5,3,2,5,9,9,6,2,8,8,2
142:8,8,7,6,9,9,5,7,2,8,4,5,6,9,7,5,9,4,9,7,3,6,8,8,3,2,5,2,3,6
143:6,3,5,7,8,8,3,5,3,5,3,6,4,5,4,8,3,4,4,4,4,9,3,3,6,4,7,1,6,6
144:2,1,6,6,2,1,3,8,9,1,1,6,4,7,3,1,4,6,4,9,6,1,8,2,6,6,3,4,1,2
145:9,5,9,8,6,2,1,1,9,5,4,9,3,1,1,9,6,7,6,3,1,6,9,6,3,5,2,9,8,2
146:9,6,4,6,4,5,5,9,6,4,3,8,1,3,7,6,9,9,8,3,4,5,4,1,3,9,9,8,9,2
147:7,4,4,5,9,4,3,7,1,7,9,2,4,6,5,9,4,5,6,8,4,6,5,4,6,7,5,3,4,8
148:9,9,2,2,9,7,2,6,2,1,8,3,5,5,4,3,3,5,4,1,5,4,8,8,9,8,2,5,5,3
149:9,7,9,9,7,8,9,6,6,2,2,7,9,5,2,1,9,2,8,4,3,7,5,2,4,8,9,7,2,4
150:4,3,5,9,9,2,9,5,9,6,1,6,8,5,8,7,1,8,4,8,3,2,5,9,6,2,6,3,3,2
151:5,4,5,6,7,4,1,7,4,6,6,1,9,2,3,8,5,4,1,2,2,7,6,9,9,2,1,4,3,3
152:9,9,2,2,9,7,2,6,2,1,8,3,5,5,4,7,3,5,4,1,5,4,8,8,9,8,2,5,5,4
153:3,5,2,8,1,4,5,5,1,5,8,4,5,9,8,5,4,2,2,2,6,1,3,1,1,9,4,4,2,8
154:7,7,4,9,7,8,5,7,9,8,3,5,5,2,3,7,5,9,5,2,6,4,2,2,4,8,3,2,9,9
155:9,5,2,8,1,3,6,5,6,8,7,7,8,9,4,2,2,8,4,3,1,1,6,8,3,8,1,2,6,7
156:3,5,3,8,4,7,3,7,3,3,1,8,7,4,9,1,6,9,9,7,4,7,4,3,8,3,1,8,9,5
157:5,7,7,7,4,9,8,8,4,9,4,4,4,8,8,1,9,1,8,5,2,7,9,7,7,2,4,6,4,3
158:9,9,2,8,5,5,6,2,1,3,7,7,7,4,7,5,7,9,6,8,1,5,8,6,2,2,5,7,8,5
159:8,2,8,8,3,3,7,8,5,8,5,3,3,8,2,4,4,6,1,9,7,4,1,7,8,4,4,1,8,6
160:8,2,7,7,6,5,1,8,8,5,2,2,3,2,2,9,5,2,6,5,3,2,5,9,9,6,2,8,8,4
161:9,5,2,8,1,3,6,5,6,8,7,7,8,1,4,2,2,8,4,3,1,1,6,8,3,8,1,2,6,4
162:2,1,1,2,1,9,1,4,7,5,2,6,6,2,9,2,4,1,4,5,5,6,7,3,2,6,9,5,9,7
163:9,2,1,6,5,2,5,3,5,5,3,3,1,1,9,7,9,2,5,2,3,6,9,2,5,1,7,1,9,6
164:8,9,8,5,8,2,1,4,9,5,8,5,8,4,7,3,3,2,5,5,5,6,8,8,2,4,7,9,9,2
165:3,7,6,1,4,1,6,3,6,2,4,4,8,3,2,4,9,6,5,3,1,5,5,2,1,8,8,9,3,1
166:9,5,5,6,8,6,6,8,3,2,2,1,7,1,9,3,6,7,6,6,6,1,1,1,2,9,9,4,5,7
167:5,5,1,9,4,1,8,6,6,4,8,2,1,5,2,5,3,8,5,2,3,7,2,3,8,4,4,2,1,1
168:4,8,6,8,5,8,2,7,7,5,7,6,3,9,6,8,4,1,4,1,6,1,4,7,7,2,2,5,1,3
169:7,8,3,2,3,1,5,7,1,9,9,3,4,6,5,2,8,9,4,9,8,3,9,6,1,2,1,3,2,2
170:4,1,9,4,9,3,4,5,4,8,7,2,9,2,1,2,9,5,4,2,7,8,8,4,1,4,2,4,3,8
171:4,5,8,3,3,8,1,3,6,2,1,1,4,3,9,9,3,2,7,9,4,6,9,4,2,6,2,3,6,9
172:2,6,5,5,1,4,6,3,5,3,9,4,9,4,1,1,4,1,4,4,6,2,4,1,8,8,2,6,4,6
173:8,1,8,3,5,2,1,7,7,4,1,2,2,9,2,5,8,8,1,7,9,5,2,3,8,6,1,5,1,9
174:8,4,5,6,7,5,1,4,9,9,9,6,5,2,7,2,8,3,2,9,6,3,8,4,7,3,8,7,4,5
175:7,6,5,3,5,2,7,1,8,3,7,4,8,5,1,5,5,8,4,9,3,3,8,4,3,2,8,7,6,7
176:1,6,4,2,9,1,9,9,4,8,1,7,2,8,2,7,3,5,1,9,6,3,9,7,9,8,9,6,5,3
177:2,6,5,2,2,3,2,3,5,4,1,7,2,3,5,7,6,4,4,9,1,5,2,8,6,6,4,7,1,6
178:9,8,4,1,2,8,8,4,3,2,5,1,9,2,6,4,7,1,1,8,1,4,1,6,9,2,5,5,8,1
179:2,4,1,5,5,6,9,7,3,4,7,8,5,9,9,1,7,9,7,9,4,3,2,6,8,5,9,2,8,4
180:8,1,8,3,5,2,1,9,7,4,1,2,2,9,2,5,8,8,1,7,9,5,2,3,8,6,1,5,1,5
181:5,7,1,2,2,5,3,9,9,2,6,1,5,6,1,8,3,2,5,5,5,5,7,8,6,2,5,9,2,2
182:2,5,2,8,4,4,7,4,2,5,9,1,8,8,4,9,4,8,6,1,4,4,8,1,9,8,6,8,2,9
183:4,1,3,2,5,1,3,3,5,3,2,5,4,9,2,3,8,7,7,9,7,4,6,9,4,6,6,1,6,1
184:5,9,7,5,3,2,2,7,6,4,6,2,4,5,5,6,2,4,8,7,6,6,1,3,8,7,3,6,6,7
185:5,5,9,4,3,5,6,3,1,1,3,2,7,2,9,2,5,1,5,1,9,8,1,5,8,7,7,2,5,3
186:6,3,8,7,5,7,4,3,5,4,5,7,5,8,2,8,6,2,6,5,2,4,2,7,3,3,2,9,7,1
187:2,5,2,8,4,4,7,4,2,5,9,1,8,8,4,9,4,8,6,1,4,4,8,1,9,9,6,8,2,9
188:2,6,8,4,8,7,4,2,2,4,4,1,9,8,2,5,1,8,1,2,4,2,8,6,4,9,7,3,5,1
189:7,5,9,9,6,1,5,4,9,1,3,7,1,1,5,4,1,3,2,1,4,2,3,9,7,3,4,4,5,7
190:6,2,5,2,8,4,8,5,7,4,1,4,9,3,5,9,7,5,7,2,7,7,4,8,6,5,1,5,9,9
191:3,1,1,3,5,7,2,3,4,8,9,8,4,3,4,4,9,7,5,2,5,5,1,7,4,7,1,3,5,1
192:6,4,1,5,1,6,6,1,2,7,7,6,2,2,8,9,6,9,8,8,3,1,4,9,3,1,9,3,6,6
193:4,3,5,9,9,2,9,5,9,6,1,6,8,5,8,7,1,8,4,8,3,2,5,9,6,2,6,3,3,5
194:9,7,6,2,7,5,5,4,8,7,6,5,4,9,5,7,9,6,5,6,4,7,3,2,5,7,7,3,1,9
195:5,5,9,4,3,5,6,3,1,1,3,2,7,2,9,2,5,1,5,1,9,8,1,7,8,7,7,2,5,3
196:4,2,3,8,9,2,9,6,5,6,4,6,7,3,4,7,8,5,5,3,7,4,8,5,5,1,2,9,5,1
197:7,3,4,3,8,9,8,2,4,7,7,4,2,2,9,9,3,5,3,9,7,1,4,5,6,3,4,9,5,3
198:3,8,4,3,2,2,8,6,1,3,8,7,9,8,8,7,5,9,5,6,1,6,1,5,5,9,5,8,2,4
199:3,1,3,1,7,3,7,3,7,7,1,2,1,9,7,2,3,8,9,6,9,3,5,2,2,7,3,7,5,8
200:8,6,8,1,1,2,2,2,8,5,4,9,6,8,5,1,6,5,9,8,6,1,4,2,1,7,4,4,1,9
201:4,6,8,2,8,1,4,1,2,5,8,4,5,2,7,7,4,8,6,6,8,7,9,2,9,7,6,8,3,4
202:8,4,3,8,1,1,3,7,2,1,6,6,2,2,6,3,1,5,6,9,5,8,8,1,1,8,7,8,1,3
203:5,6,6,4,6,6,4,8,6,5,6,6,2,2,7,1,6,1,3,1,8,3,4,1,7,8,8,6,7,4
204:3,4,3,7,9,8,8,7,4,4,4,3,6,9,9,3,6,1,9,8,1,4,9,8,9,6,8,2,3,3
205:2,4,9,3,1,5,5,9,1,5,7,3,5,5,1,9,9,1,2,1,1,1,1,2,6,1,9,9,6,7
206:8,8,8,5,4,6,6,5,4,6,7,5,3,5,1,6,5,8,7,2,2,6,4,9,9,5,9,2,7,5
207:3,2,7,6,9,7,5,8,3,6,4,3,3,5,6,4,7,9,5,3,3,7,3,8,2,3,9,9,5,5
208:7,3,3,2,8,1,4,8,5,2,1,4,9,9,3,9,9,8,3,7,7,5,1,7,6,8,7,6,8,3
209:9,5,5,7,4,4,3,4,4,8,4,2,9,9,4,3,5,8,2,7,2,6,1,6,2,9,4,3,9,7
210:5,9,4,6,7,3,8,1,2,7,2,6,8,1,1,6,7,7,4,4,2,1,9,2,7,4,2,6,9,8
211:8,9,9,4,4,2,9,5,9,3,9,4,1,8,9,5,7,6,2,7,7,1,2,7,2,9,4,1,9,7
212:7,6,9,7,7,1,5,5,1,3,1,5,1,3,8,8,6,3,6,6,6,1,9,3,7,3,8,7,1,8
213:2,8,2,5,7,8,5,2,9,9,8,8,9,2,6,2,8,5,4,6,6,7,8,5,3,4,7,6,4,2
214:3,2,1,9,3,4,8,5,6,3,1,9,2,1,8,5,1,5,1,5,7,8,3,3,5,7,8,6,3,5
215:8,8,7,9,6,1,2,7,6,8,5,5,2,7,2,2,4,4,6,3,6,6,6,5,4,5,2,1,6,5
216:5,2,8,1,2,8,5,8,1,3,2,4,1,6,6,4,6,6,6,7,5,4,6,2,6,3,4,7,2,2
217:2,7,8,6,3,8,7,5,8,5,4,7,7,4,4,2,1,2,1,2,7,4,5,4,2,6,7,7,2,3
218:7,5,9,9,6,1,5,4,9,1,3,7,1,1,5,4,1,3,2,1,4,2,3,9,7,3,4,4,5,5
219:6,8,5,7,8,8,3,5,3,5,3,6,4,5,4,8,3,4,4,4,4,9,3,3,6,4,7,1,6,1
220:9,5,5,7,4,4,3,4,4,8,4,2,9,9,4,3,6,8,2,7,2,6,1,6,2,9,4,3,9,7
221:8,5,6,5,8,8,1,7,3,1,4,1,1,8,2,4,6,5,1,4,1,9,6,9,5,1,4,9,9,1
222:3,8,3,5,1,2,1,5,7,9,6,2,6,9,1,3,3,1,7,8,4,7,3,1,5,7,3,9,6,2
223:9,6,4,6,4,5,5,9,6,4,3,8,1,3,7,6,9,9,8,3,4,5,4,1,3,9,9,8,9,7
224:4,1,6,7,2,9,1,2,1,2,7,3,2,3,1,2,2,4,5,7,7,3,5,4,8,6,6,7,6,4
225:4,6,8,2,8,1,4,1,2,5,8,4,5,2,5,7,4,8,6,6,8,7,9,2,9,7,6,8,3,4
226:1,4,1,7,8,5,9,7,4,3,7,4,6,5,5,9,4,7,8,9,2,6,1,8,5,2,4,2,5,6
227:5,9,7,6,7,7,5,4,9,4,9,8,1,8,1,5,9,6,9,4,5,1,6,1,2,2,1,6,8,5
228:5,3,9,2,1,5,8,1,2,1,6,5,1,9,5,4,4,9,9,3,7,3,2,6,4,8,9,2,1,7
229:6,1,6,7,5,3,4,9,1,7,7,2,4,7,9,6,6,8,5,4,2,1,5,9,4,3,1,8,2,7
230:8,5,6,7,5,6,4,6,7,2,9,1,3,1,7,7,1,2,6,2,2,5,9,7,8,1,2,3,7,1
231:8,8,8,5,4,6,6,5,4,6,7,5,3,5,1,6,5,8,7,2,2,6,4,9,9,5,9,2,7,7
232:5,4,6,1,2,3,5,8,1,1,1,3,3,6,3,1,7,9,2,5,2,9,7,1,8,6,9,6,8,6
233:7,8,5,3,2,2,8,9,8,6,1,3,4,9,6,5,8,3,4,9,2,3,2,6,7,5,2,7,4,5
234:6,3,7,1,4,9,7,9,6,3,7,6,6,7,2,8,6,5,7,3,3,6,7,9,9,9,6,7,4,9
235:9,3,4,6,8,9,6,9,5,4,5,5,8,6,6,8,2,8,6,3,2,8,3,3,1,3,9,3,3,7
236:5,9,1,8,3,4,3,1,1,6,2,6,8,7,8,9,8,5,1,1,8,2,6,7,3,4,7,3,2,8
237:7,8,5,3,2,2,8,9,8,6,1,3,4,9,6,5,8,3,4,9,2,3,2,6,7,5,2,7,4,3
238:7,9,1,8,3,6,7,7,7,8,3,4,9,9,7,6,2,3,8,3,7,6,9,1,1,1,6,3,8,7
239:7,8,3,2,3,1,5,7,1,9,9,3,4,6,5,2,8,9,4,9,8,3,9,6,1,2,1,3,2,4
240:7,3,4,3,8,9,8,2,4,2,7,4,2,2,9,9,3,5,3,9,7,1,4,5,6,3,4,9,5,4
241:5,5,9,4,3,5,6,3,1,1,3,2,7,2,9,2,5,1,5,1,9,8,1,5,8,7,7,2,5,4
242:5,3,7,7,6,8,3,7,5,6,8,4,3,8,1,8,5,7,8,2,8,9,8,4,1,8,6,1,1,3
243:5,2,8,9,2,8,5,8,1,3,2,4,1,6,6,4,6,6,6,7,5,4,6,2,6,3,4,7,2,6
244:6,9,7,1,9,2,6,4,8,8,6,9,1,6,5,3,4,1,4,6,5,7,8,1,2,4,1,6,8,6
245:8,7,2,1,5,4,9,8,5,8,7,1,2,3,2,8,7,4,2,5,7,6,9,1,7,8,2,3,6,4
246:7,8,6,1,5,5,4,2,3,3,8,9,7,7,9,5,6,9,1,2,5,1,9,4,1,9,9,4,5,6
247:1,1,3,9,7,2,9,8,4,7,1,7,4,7,2,8,9,5,6,5,1,1,9,1,4,9,9,7,1,8
248:2,3,5,8,2,3,9,9,5,9,7,8,3,8,4,6,9,3,2,6,1,8,3,9,5,4,7,9,5,8
249:7,1,2,7,7,7,8,7,5,5,5,9,8,2,7,9,5,6,9,4,2,3,9,1,5,5,7,8,5,6
250:7,2,1,1,8,3,3,6,3,8,7,8,8,9,2,8,9,7,7,4,7,9,9,6,9,3,6,7,3,3
251:7,8,3,2,3,1,5,7,1,9,9,3,4,6,5,2,8,9,4,9,8,3,8,6,1,2,1,3,2,4
252:9,8,1,5,9,9,5,4,8,7,1,2,9,9,9,8,5,1,5,3,2,8,7,8,2,5,5,8,7,2
253:9,3,9,4,6,6,4,3,9,8,7,7,5,3,1,3,4,7,3,9,8,4,9,2,2,3,5,4,3,6
254:7,6,8,2,3,1,8,7,5,3,2,7,9,8,4,2,9,4,1,8,3,7,1,1,8,3,7,5,6,5
255:7,8,5,3,2,2,8,9,8,6,1,3,4,9,6,5,8,3,4,9,2,3,2,6,7,5,2,7,4,3
256:6,4,1,5,1,6,6,1,2,7,7,6,2,2,8,9,6,9,3,8,3,1,4,9,3,1,9,3,6,6
257:7,2,4,7,1,8,5,7,8,5,8,6,7,5,7,9,9,3,3,4,2,1,5,7,8,6,8,6,9,5
258:1,5,8,9,8,3,8,3,3,3,6,8,7,6,2,9,6,6,9,3,6,1,8,1,5,1,1,8,5,3
259:5,6,4,1,4,7,1,7,5,4,7,9,5,7,8,8,1,8,6,4,3,9,2,2,6,5,8,7,2,6
260:6,7,9,1,3,6,6,8,8,3,7,9,5,9,2,5,1,2,3,6,3,9,9,5,2,3,3,1,8,2
261:8,4,3,8,1,1,3,7,2,1,6,6,2,2,6,3,1,5,6,9,5,8,8,1,1,8,7,8,1,3
262:1,6,1,8,3,1,2,9,3,5,7,4,1,5,8,9,6,2,8,5,2,5,2,1,8,9,2,7,1,2
263:9,8,1,5,9,9,5,4,8,7,1,2,9,9,9,8,8,1,5,3,2,8,7,8,2,5,5,8,7,9
264:5,4,5,8,7,9,4,1,8,3,9,3,1,8,5,9,2,6,9,9,7,5,5,4,7,8,8,3,1,5
265:3,4,2,6,2,7,4,2,2,7,9,4,1,5,2,1,8,4,7,5,2,7,9,4,5,7,8,6,2,3
266:2,1,9,3,5,2,8,5,9,6,3,5,5,1,3,1,4,4,6,7,6,4,6,7,6,1,5,9,8,2
267:1,8,1,5,8,2,5,7,2,6,1,8,6,7,6,5,8,7,2,6,4,5,5,4,4,7,1,5,3,5
268:4,1,5,3,2,5,4,8,4,1,8,6,3,8,1,8,4,9,3,1,7,1,9,1,9,4,8,4,5,7
269:9,9,1,5,9,4,2,2,5,6,1,1,4,4,3,7,4,5,7,3,9,4,2,6,7,5,2,8,7,2
270:9,9,1,5,9,4,2,2,5,6,1,1,4,4,3,7,4,5,7,3,9,4,2,6,7,5,2,8,7,1
271:8,2,5,8,6,4,3,1,9,8,4,6,6,4,7,2,8,1,3,6,8,8,6,3,3,2,4,7,8,3
272:6,6,4,8,9,5,8,8,6,7,8,1,8,5,4,6,8,8,3,6,4,5,3,5,6,5,5,8,7,1
273:3,4,2,6,2,7,4,2,2,7,9,4,1,5,2,1,8,4,7,5,2,7,9,4,5,7,8,6,2,3
274:9,7,3,9,8,6,9,1,7,5,7,8,4,3,8,3,2,3,8,6,1,1,9,5,2,6,8,1,7,3
275:9,9,9,8,3,8,6,6,3,5,5,5,5,7,3,5,5,5,2,8,3,7,7,5,6,3,6,1,2,4
276:6,2,4,7,4,3,6,5,1,6,1,5,5,2,8,3,7,1,4,5,6,5,9,9,9,4,9,6,3,8
277:3,1,1,4,1,5,7,6,3,7,4,1,2,5,6,7,4,7,2,8,7,2,1,1,5,3,2,1,4,4
278:9,1,1,5,1,4,6,1,2,8,4,3,3,8,3,6,6,8,5,7,3,7,4,3,1,3,2,5,9,6
279:9,2,6,5,9,7,4,9,6,5,5,4,2,7,5,9,6,3,9,4,1,1,1,6,4,5,1,9,1,5
280:7,9,1,6,8,8,5,9,1,6,7,7,9,8,2,4,4,1,2,6,5,7,4,7,7,8,6,7,8,1
281:5,6,6,4,6,6,4,8,6,5,6,6,2,2,7,1,6,1,3,1,8,3,4,1,7,8,8,6,7,4
282:7,8,2,1,3,8,5,2,8,6,5,8,6,1,5,4,7,2,3,8,7,5,5,6,8,3,6,9,2,8
283:5,1,3,1,7,3,7,3,7,7,1,2,1,9,7,2,3,8,9,6,9,3,5,2,2,7,3,7,5,3
284:2,3,5,9,4,3,1,4,1,7,2,3,2,4,2,9,7,1,8,3,1,4,1,4,9,7,6,2,9,8
285:3,2,7,6,6,5,8,2,6,8,5,6,5,4,9,2,3,2,8,5,6,3,9,2,7,8,6,7,2,6
286:9,7,9,9,7,8,9,6,6,2,2,7,9,5,2,1,9,2,8,4,3,7,5,2,4,8,9,7,2,3
287:2,6,8,4,8,7,4,2,2,4,4,1,9,8,2,5,1,8,1,2,4,2,8,6,4,9,7,3,5,9
288:2,8,7,8,1,1,5,1,6,2,4,4,7,2,7,3,7,2,2,2,1,1,1,2,7,9,2,1,6,7
289:2,5,1,3,5,2,1,5,7,5,8,7,1,3,3,2,9,2,7,2,1,8,6,3,2,8,8,4,7,9
290:8,2,7,7,6,2,1,8,8,5,2,2,3,2,2,9,5,2,6,5,3,2,5,9,9,6,2,8,8,4
291:3,1,1,6,1,7,2,8,1,4,2,1,9,5,8,2,3,5,9,4,3,7,3,5,9,5,9,9,2,6
292:1,4,3,8,3,8,3,7,2,3,1,7,4,3,5,5,7,7,8,3,6,6,2,4,7,9,9,2,2,8
293:8,2,3,1,7,4,6,7,2,4,9,9,2,7,4,1,4,1,8,8,8,6,5,1,1,9,8,7,4,7
294:3,9,9,9,2,5,1,8,5,1,7,1,4,4,9,1,3,8,2,6,2,5,1,1,6,6,4,3,6,4
295:9,7,3,9,8,6,9,1,7,5,7,8,4,3,8,3,2,3,8,6,1,1,9,5,2,6,8,1,7,8
296:9,9,4,9,6,3,2,5,3,2,9,8,1,5,5,3,6,2,6,1,4,1,7,8,8,3,7,9,1,6
297:7,9,8,2,5,2,8,1,1,2,9,9,1,6,2,7,3,3,5,4,5,9,3,3,9,4,2,5,1,8
298:1,6,1,6,4,7,8,2,9,8,1,7,7,2,6,9,4,7,7,2,2,1,3,9,2,7,8,4,2,4
299:6,6,6,7,9,2,6,4,5,9,6,7,2,6,1,3,6,3,5,8,7,8,9,1,4,6,8,2,4,3
300:4,5,8,3,3,8,1,3,6,2,1,1,4,3,9,9,3,2,7,9,4,6,9,4,2,6,2,3,6,3
301:5,4,3,2,7,2,1,5,9,6,6,7,8,6,3,4,3,5,9,5,1,2,5,2,2,7,2,5,3,7
302:8,8,6,5,5,5,3,2,2,7,9,4,3,8,8,2,3,4,2,5,3,7,2,9,4,7,4,2,3,1
303:2,1,8,6,2,4,3,2,6,4,8,8,6,9,9,2,6,8,5,3,8,5,5,7,2,6,9,5,6,8
304:5,6,5,6,6,3,4,7,3,8,7,3,7,6,6,3,1,1,7,1,4,8,3,9,6,1,3,8,7,7
305:9,9,2,6,5,1,9,5,7,8,9,9,3,7,4,4,5,9,1,3,3,8,2,2,4,9,1,5,2,7
306:4,4,8,2,3,2,6,3,2,4,7,4,2,2,6,1,7,5,1,9,9,5,1,3,6,4,6,5,1,7
307:5,3,6,8,7,1,6,8,9,6,9,8,5,1,5,8,6,2,8,5,5,5,6,7,9,2,7,8,9,2
308:5,3,7,7,6,8,3,7,5,6,8,4,3,8,1,8,5,7,8,2,8,9,8,4,1,8,6,1,1,2
309:5,1,3,1,7,3,7,3,7,7,1,2,1,9,7,2,3,8,9,6,9,3,5,2,2,7,3,7,5,8
310:2,3,2,9,8,2,2,6,5,3,8,5,3,6,1,3,4,8,7,8,7,7,3,1,9,7,6,8,7,8
311:1,4,5,4,7,9,6,4,4,2,5,3,6,5,5,7,1,2,3,6,9,3,5,5,5,9,5,1,6,6
312:2,6,1,1,2,9,7,2,5,1,9,8,1,7,7,6,3,4,8,9,8,8,1,5,1,1,5,4,9,7
313:8,1,8,3,5,2,1,9,7,4,1,2,2,9,2,5,8,8,1,7,9,5,2,3,8,6,1,5,1,9
314:5,5,6,1,9,5,7,3,8,7,5,6,6,9,6,8,6,5,4,1,2,5,9,5,5,6,8,3,2,4
315:8,4,8,9,5,7,7,6,6,1,1,4,1,8,2,3,1,4,7,4,3,1,3,3,4,1,2,2,3,3
316:3,1,6,3,4,6,3,8,4,7,2,4,6,7,4,5,4,9,6,7,2,5,8,5,2,2,9,2,8,6
317:6,5,6,3,7,3,9,6,3,1,6,6,4,1,9,9,2,6,6,2,3,7,6,6,8,7,1,2,3,9
318:3,2,1,1,7,5,1,9,3,4,6,4,5,4,7,6,8,5,9,8,9,9,5,3,8,7,1,2,5,3
319:4,1,3,2,5,8,3,3,5,3,2,5,4,9,2,3,8,7,7,9,7,4,6,9,4,6,6,1,6,1
320:6,6,4,8,9,5,8,8,6,7,8,1,8,5,4,6,8,8,3,6,4,5,3,5,6,5,5,8,7,2
321:6,2,6,3,4,2,5,9,7,2,9,5,2,2,6,3,2,1,1,6,9,2,2,2,9,6,7,1,9,7
322:6,4,4,1,3,8,3,7,9,7,7,7,6,4,9,6,2,7,2,9,6,9,9,9,8,2,8,7,3,2
323:5,5,6,1,9,5,7,3,8,7,5,6,6,9,6,8,6,5,4,7,2,5,9,5,5,6,8,3,2,2
324:6,3,7,1,4,9,7,9,6,3,7,6,6,7,2,8,6,5,7,3,3,6,7,9,9,9,6,7,4,7
325:2,7,4,2,6,1,1,6,3,2,3,2,3,5,7,1,6,7,9,5,7,5,1,1,6,4,6,6,2,7
326:8,5,3,7,3,7,3,7,4,2,1,3,9,8,7,4,1,1,5,6,8,4,2,9,1,3,1,6,3,1
327:7,1,7,8,6,6,4,7,9,9,6,5,5,7,2,8,2,4,7,8,3,4,5,5,4,6,3,4,8,2
328:6,4,2,2,2,3,7,6,3,7,8,6,3,4,2,4,5,5,7,6,5,7,6,3,8,4,6,4,9,9
329:2,7,4,4,8,1,5,8,3,7,5,9,2,2,9,7,3,3,5,6,7,5,2,9,6,6,9,6,8,4
330:1,6,4,2,9,1,7,9,4,8,1,7,2,8,2,7,3,5,1,9,6,3,9,7,9,8,9,6,5,3
331:5,4,3,2,7,2,1,5,9,6,6,7,8,6,3,4,3,5,9,5,1,2,5,2,2,7,7,5,3,8
332:3,1,1,4,7,4,3,9,9,5,8,2,8,8,6,6,8,9,7,7,1,6,5,9,6,4,9,4,8,2
333:2,6,9,3,1,1,7,6,6,2,9,4,5,1,2,3,7,3,9,2,2,3,8,2,9,6,3,3,2,8
334:8,5,6,5,8,8,1,7,3,1,4,1,1,8,2,1,6,5,1,4,1,9,6,9,5,1,4,9,9,1
335:7,8,6,1,5,5,4,2,3,3,8,9,7,7,9,5,6,9,1,2,5,1,9,4,1,9,9,4,6,1
336:9,9,4,3,8,1,2,5,1,7,8,6,2,2,6,1,1,6,4,6,4,8,8,8,3,3,1,2,4,8
337:9,7,3,9,8,6,9,1,7,5,7,8,4,3,8,3,2,3,8,6,1,1,9,5,2,6,8,1,7,3
338:4,6,9,7,1,6,4,1,8,7,7,9,2,1,7,9,8,8,8,5,7,5,7,2,2,8,6,1,2,6
339:3,1,1,4,1,5,7,6,3,7,4,1,2,5,6,7,4,7,2,1,7,2,1,1,5,3,2,1,4,7
340:4,1,5,3,2,5,4,8,4,1,8,6,3,8,1,8,4,9,3,1,7,1,9,1,9,4,8,4,5,8
341:9,3,9,4,6,6,4,3,9,8,7,7,5,3,1,3,4,7,3,9,7,4,9,2,2,3,5,4,3,6
342:1,5,4,6,5,8,2,1,9,2,1,4,4,7,5,1,1,7,7,4,8,9,6,5,1,8,1,7,7,3
343:7,2,3,9,6,3,8,4,6,7,2,3,8,2,2,6,2,5,8,4,8,2,4,5,9,4,8,5,8,2
344:3,1,4,8,8,8,6,4,5,8,1,4,6,1,5,4,6,3,4,4,6,3,7,4,8,8,2,4,4,3
345:9,3,5,7,3,1,5,8,5,9,2,2,7,3,1,9,4,2,8,7,5,9,2,5,8,8,5,1,8,7
346:6,1,6,7,5,3,4,9,1,7,7,2,4,7,9,6,6,8,5,4,2,1,5,9,7,3,1,8,2,7
347:3,3,4,1,5,2,4,6,8,9,7,8,9,9,4,3,1,2,3,6,8,9,4,7,5,2,9,6,5,6
348:5,9,6,7,7,2,1,5,9,6,6,6,9,1,3,2,5,3,6,1,6,9,6,8,4,5,5,7,1,1
349:1,6,1,8,3,1,2,9,3,5,7,4,1,5,8,9,6,2,8,5,2,5,2,1,8,9,2,7,1,5
350:1,8,4,1,1,8,1,1,1,9,5,7,5,9,7,9,9,7,4,5,8,1,2,2,5,5,9,8,1,5
351:6,4,1,5,1,6,6,1,2,7,7,6,2,2,8,9,6,9,3,8,3,1,4,9,3,1,9,3,6,6
352:6,5,2,2,5,4,2,1,7,4,6,4,4,8,8,7,6,7,2,8,1,1,1,6,4,5,2,7,3,5
353:8,2,5,8,6,4,3,1,9,8,4,6,6,4,7,2,8,1,3,6,8,8,6,3,3,2,4,7,8,9
354:2,7,4,4,8,1,5,8,3,7,5,9,2,2,9,7,3,3,5,6,7,5,2,9,6,6,9,6,8,3
355:3,2,9,8,3,4,3,1,2,5,2,8,1,8,9,8,4,9,5,6,7,3,7,7,2,8,2,2,8,5
356:5,1,4,3,6,8,8,2,3,7,7,5,4,9,2,2,7,4,4,7,5,9,8,7,6,7,9,2,8,7
357:9,1,1,5,1,4,6,1,2,8,4,3,3,8,3,6,6,8,5,7,3,7,4,3,1,3,2,5,9,8
358:2,4,9,3,1,5,5,9,1,5,7,3,5,4,1,9,9,1,2,1,1,1,1,2,6,1,9,9,6,7
359:4,5,2,7,5,8,6,2,6,4,8,3,6,3,8,2,4,8,1,9,8,2,4,2,9,1,4,1,5,8
360:3,1,6,3,4,6,3,8,4,7,2,4,6,7,4,5,4,9,6,7,2,5,8,5,2,2,9,2,8,8
361:6,6,8,8,3,3,2,9,4,2,5,9,8,1,8,9,4,4,8,3,4,5,8,3,3,8,6,5,1,7
362:3,1,6,3,4,6,3,8,4,7,2,4,6,7,4,5,4,9,6,7,2,5,8,5,2,2,3,2,8,8
363:2,6,1,1,2,9,7,2,5,1,9,8,1,7,7,6,3,4,8,9,8,8,1,5,1,1,5,4,9,3
364:2,1,6,6,2,1,3,8,9,1,1,6,4,7,3,1,4,6,4,9,6,6,8,2,6,6,3,4,1,2
365:8,5,6,5,8,8,1,7,3,1,4,1,1,8,2,1,6,5,1,4,1,9,6,9,5,1,4,9,9,4
366:9,1,8,5,4,6,7,8,3,1,2,1,9,1,7,3,1,3,6,2,3,7,3,3,3,2,6,4,8,6
367:9,3,9,4,6,6,4,3,9,8,7,7,5,3,1,3,4,7,3,9,8,4,9,2,2,3,5,4,3,1
368:4,8,2,6,2,8,2,6,7,3,8,4,3,4,5,2,3,3,9,5,8,7,2,4,5,8,5,6,1,3
369:3,8,1,4,7,3,2,8,2,8,4,9,2,5,6,8,3,3,7,6,6,2,8,8,3,2,9,8,5,3
370:5,3,7,7,6,8,3,7,5,6,8,4,3,8,1,8,5,8,8,2,8,9,8,4,1,8,6,1,1,2
371:1,9,9,2,4,6,7,4,9,2,6,5,9,9,1,7,8,2,9,6,1,6,7,9,8,3,4,3,6,1
372:5,6,9,2,7,3,1,3,4,9,1,5,2,2,4,4,5,8,8,3,8,9,9,8,5,6,6,5,9,4
373:4,1,5,3,2,5,4,8,4,1,8,6,3,8,1,8,4,9,3,1,7,1,9,1,9,4,8,4,5,7
374:5,6,9,2,7,3,1,3,4,9,1,5,2,2,4,4,5,8,8,3,8,9,9,8,5,6,6,5,9,1
375:5,5,1,9,4,1,8,6,6,4,8,2,1,5,2,5,3,8,5,2,2,7,2,3,8,4,4,2,1,1
376:5,6,5,6,6,3,4,7,3,8,7,3,7,6,6,3,1,1,7,1,4,8,3,9,6,1,4,8,7,3
377:3,8,4,3,2,2,8,6,1,3,8,7,9,8,8,7,5,9,5,6,1,4,1,5,5,9,5,8,2,7
378:9,5,1,3,8,2,4,9,5,7,3,6,4,7,1,4,9,3,4,1,5,8,4,5,3,8,2,6,7,8
379:5,7,9,4,3,4,2,8,9,4,1,6,8,8,3,8,1,4,9,2,9,7,8,1,2,1,4,8,3,7
380:9,1,1,5,5,5,4,2,7,7,6,8,6,5,6,9,9,9,3,9,7,5,7,7,6,8,4,7,7,5
381:6,2,4,7,4,3,6,5,1,6,1,5,5,2,8,4,7,1,4,5,6,5,9,9,9,4,9,6,3,8
382:8,9,9,4,4,2,9,5,9,3,9,4,1,8,9,5,7,6,2,7,7,1,2,7,2,9,4,1,9,9
383:4,6,4,7,6,8,4,1,2,4,3,8,9,1,9,1,7,9,6,6,8,4,5,4,7,9,1,9,8,3
384:6,7,8,4,3,9,3,3,8,7,1,8,8,1,5,3,1,2,9,7,8,6,2,8,7,9,8,7,8,7
385:3,9,5,1,6,8,3,2,9,1,3,1,4,8,7,3,4,2,3,7,9,1,9,1,6,8,9,1,4,3
386:5,7,3,5,9,2,9,5,6,7,1,3,6,1,6,2,9,3,6,4,7,9,1,8,2,8,2,7,6,4
387:5,1,3,1,2,8,9,7,5,3,4,6,1,6,9,7,6,8,1,9,2,4,7,8,8,8,1,1,1,1
388:2,8,7,8,1,1,5,1,6,2,4,4,7,2,7,3,7,2,2,2,1,1,5,2,7,9,2,1,6,7
389:7,3,5,8,2,2,8,7,3,2,1,5,4,7,3,8,2,2,8,3,9,7,8,8,5,7,8,4,9,4
390:7,5,9,9,6,2,5,4,9,1,3,7,1,1,5,4,1,3,2,1,4,2,3,9,7,3,4,4,5,5
391:5,9,5,5,4,1,1,7,6,5,2,7,8,1,3,5,5,5,2,4,4,4,1,6,3,7,3,1,2,4
392:6,9,4,6,2,5,8,6,4,2,4,6,4,2,8,5,3,2,3,4,7,9,4,8,8,2,2,6,6,4
393:9,4,8,8,8,7,8,5,9,9,7,8,3,2,5,7,7,4,8,5,1,6,7,7,6,5,7,4,5,3
394:3,5,2,5,5,3,2,8,9,6,3,6,2,3,2,8,7,4,8,8,8,1,1,6,4,9,4,1,1,4
395:6,4,4,1,3,8,3,7,9,7,7,7,6,4,9,6,2,7,2,9,6,9,9,9,8,2,8,7,3,4
396:5,9,5,8,3,4,3,1,1,6,2,6,8,7,8,9,8,5,1,1,8,2,6,7,3,4,7,3,2,8
397:8,7,8,7,7,8,3,9,9,3,5,6,1,4,1,4,7,1,3,3,8,1,1,5,3,7,5,5,4,8
398:2,7,4,4,8,1,5,8,3,7,5,9,2,2,9,7,3,3,5,6,7,5,2,9,6,6,9,6,8,3
399:9,2,6,5,9,7,4,9,6,5,5,4,2,7,5,9,6,3,9,4,1,1,1,6,4,5,1,9,1,8
400:9,5,5,7,4,4,3,4,4,8,4,2,9,9,4,3,6,8,2,7,2,6,1,6,2,9,4,3,9,3
401:7,7,9,3,9,4,8,6,8,5,9,7,6,7,5,9,9,6,9,8,9,3,2,5,1,2,2,9,1,8
402:1,9,7,6,4,5,7,3,7,3,5,5,5,5,3,5,1,7,2,3,8,1,7,9,7,9,9,7,2,4
403:3,2,7,4,1,9,6,1,1,6,7,7,7,5,4,9,5,8,5,2,6,2,9,3,5,3,1,7,1,8
404:6,8,5,3,7,3,3,6,7,7,8,8,5,5,9,5,3,3,6,8,7,9,9,5,3,7,2,2,7,4
405:8,2,5,8,6,4,2,1,9,8,4,6,6,4,7,2,8,1,3,6,8,8,6,3,3,2,4,7,8,3
406:9,9,2,6,5,1,5,5,7,8,9,9,3,7,4,4,5,9,1,3,3,8,2,2,4,9,1,5,2,7
407:6,7,8,3,9,9,8,7,9,3,6,1,3,2,1,6,9,2,9,5,4,7,9,7,8,4,2,8,9,6
408:3,1,1,4,7,4,3,9,9,5,8,2,8,8,6,6,8,9,7,7,1,6,5,9,6,4,9,4,8,2
409:3,2,5,6,7,6,6,4,1,3,9,2,2,4,3,3,6,8,9,6,7,7,6,6,7,8,9,8,7,1
410:9,2,6,5,9,7,4,9,6,5,5,4,2,7,5,9,6,3,9,4,1,1,1,6,4,5,1,9,1,5
411:7,8,1,2,6,6,8,7,4,8,3,7,8,4,5,2,6,5,2,5,2,9,6,6,4,8,9,6,1,4
412:5,6,6,3,6,6,4,8,6,5,6,6,2,2,7,1,6,1,3,1,8,3,4,1,7,8,8,6,7,4
413:2,6,9,1,6,1,7,8,8,1,4,3,1,9,1,5,8,1,5,7,3,4,7,1,7,2,6,3,6,7
414:6,6,4,8,9,5,8,8,6,7,8,1,8,5,4,6,8,8,3,6,4,5,3,5,6,5,5,8,7,2
415:9,5,5,6,8,6,6,8,3,2,2,1,7,1,9,3,6,7,6,6,6,1,1,1,2,9,9,4,5,9
416:3,4,2,6,2,7,4,2,2,7,9,4,9,5,2,1,8,4,7,5,2,7,9,4,5,7,8,6,2,3
417:3,6,7,1,1,4,2,2,2,8,2,8,7,5,8,4,6,9,4,4,2,4,6,3,9,8,9,3,2,7
418:9,7,9,9,7,8,9,6,6,2,2,7,9,5,2,1,9,1,8,4,3,7,5,2,4,8,9,7,2,4
419:1,5,4,6,5,8,2,1,9,2,1,4,4,7,5,1,1,9,7,4,8,9,6,5,1,8,1,7,7,3
420:2,1,8,6,2,4,3,2,6,4,8,8,6,9,9,2,6,8,5,3,8,5,5,7,2,8,9,5,6,8
421:8,5,1,9,2,7,1,9,5,2,2,5,4,1,3,1,2,2,4,3,4,2,3,8,5,2,4,1,7,1
422:9,3,2,4,2,8,9,8,7,2,4,2,4,9,9,8,8,4,1,8,6,1,2,8,5,9,3,3,7,9
423:4,1,3,2,5,1,3,3,5,3,2,5,4,9,2,3,8,7,7,9,7,4,6,9,4,6,6,1,6,1
424:7,6,8,5,4,3,2,3,3,6,3,3,5,2,6,7,4,6,7,3,7,9,8,7,5,1,3,5,7,3
425:8,7,8,4,7,6,3,4,9,5,4,6,1,9,8,5,5,1,9,5,5,6,3,9,4,4,1,7,8,9
426:4,2,9,8,4,5,3,8,1,8,4,1,7,6,8,9,5,3,9,1,2,2,2,5,6,3,2,2,4,5
427:9,9,1,5,9,7,2,2,5,6,1,1,4,4,3,7,4,5,7,3,9,4,2,6,7,5,2,8,7,1
428:8,7,3,3,1,1,3,6,2,9,8,7,6,2,6,1,8,2,1,3,6,9,1,4,5,3,9,4,2,6
429:5,7,3,7,9,1,9,1,7,5,8,5,9,2,3,8,6,5,5,3,9,6,9,2,2,6,2,7,4,1
430:2,4,6,5,4,1,8,3,1,8,3,2,9,3,2,6,8,3,9,1,4,5,3,9,7,1,2,4,5,5
431:6,4,4,1,3,8,3,7,9,7,7,7,6,4,9,6,2,7,2,9,6,9,9,9,8,2,8,4,3,2
432:3,9,5,1,6,8,3,2,9,1,3,1,4,8,7,3,4,2,3,7,9,1,9,1,6,1,9,1,4,2
433:5,8,4,8,5,6,3,6,2,7,5,6,7,9,9,1,6,3,9,7,7,9,6,6,6,2,1,3,7,9
434:3,6,6,5,8,3,7,3,8,9,5,4,6,3,8,8,6,9,8,1,7,5,6,6,7,3,7,1,6,6
435:9,9,8,9,6,5,4,1,6,2,4,3,8,3,5,6,7,1,4,3,5,8,1,4,2,2,3,6,8,1
436:3,5,2,8,1,4,5,5,1,5,8,4,5,9,8,5,4,2,2,2,6,1,7,1,1,9,4,4,2,6
437:5,2,3,7,6,3,7,9,3,9,4,7,3,1,9,6,1,1,6,2,5,2,3,2,1,3,3,7,5,2
438:5,1,5,1,8,6,5,6,3,9,9,2,5,4,2,4,3,6,4,4,3,9,7,6,6,8,1,1,4,1
439:2,7,6,7,7,9,1,5,8,3,5,2,4,8,6,3,6,8,5,8,9,6,6,5,2,2,9,5,3,3
440:3,1,6,6,1,1,7,8,6,6,4,1,1,6,1,6,7,8,8,4,3,6,4,7,4,8,6,8,8,4
441:5,6,9,2,7,3,1,3,4,9,1,5,2,2,4,4,5,8,8,3,8,9,9,8,5,6,6,5,9,4
442:5,2,9,9,8,9,8,6,4,8,6,3,3,2,8,5,2,4,8,5,1,1,5,6,1,5,5,8,6,6
443:7,7,9,3,9,4,8,6,8,5,9,7,6,7,5,9,9,6,9,8,9,6,2,5,1,2,2,9,1,8
444:7,7,2,5,2,7,9,4,7,5,8,8,9,4,7,6,5,5,8,9,7,7,4,1,3,3,6,4,3,9
445:1,9,1,6,3,9,1,7,1,6,8,3,1,2,2,5,4,9,3,3,4,8,6,5,3,3,2,8,3,7
446:3,2,2,4,1,8,9,3,3,7,9,4,2,3,1,5,6,6,3,5,7,7,6,3,8,9,2,6,9,4
447:7,1,1,2,9,1,2,2,3,1,4,4,1,4,8,7,1,8,5,9,5,5,3,2,6,8,4,3,5,3
448:6,9,4,6,2,5,8,6,4,2,4,6,4,2,8,5,3,2,3,4,7,9,4,8,8,5,2,6,6,8
449:9,9,2,6,5,1,9,5,7,8,9,9,3,7,4,4,5,9,1,3,3,8,2,2,4,9,1,5,2,1
450:3,5,2,5,5,3,2,8,9,6,3,6,2,3,2,8,7,4,8,8,8,1,1,6,4,9,4,1,1,4
451:2,8,2,8,2,9,4,6,9,5,2,3,5,3,5,4,4,4,4,2,1,4,4,9,5,6,7,6,5,5
452:4,8,3,3,6,8,6,2,2,1,1,6,3,7,7,1,9,6,5,8,9,3,6,2,8,6,7,5,9,5
453:7,3,5,9,4,8,9,2,8,6,9,1,4,8,5,2,8,2,4,9,3,1,5,1,8,8,1,2,1,2
454:3,1,1,4,1,5,7,6,3,7,4,1,2,5,6,7,4,7,2,1,7,2,1,1,5,3,2,1,4,4
455:6,4,2,2,2,3,7,6,3,7,2,6,3,4,2,4,5,5,7,6,5,7,6,3,8,4,6,4,9,4
456:7,3,4,3,8,9,8,2,4,7,7,4,2,2,9,9,3,5,3,9,7,1,4,5,6,3,4,9,5,4
457:6,2,4,7,4,3,6,5,1,6,1,5,5,2,8,3,7,1,4,5,6,5,9,9,9,4,9,6,3,1
458:9,3,2,4,3,8,9,8,7,2,4,2,4,9,9,8,8,4,1,8,6,1,2,8,5,9,3,3,7,9
459:9,9,4,4,3,5,8,9,8,2,7,4,7,4,8,3,2,3,9,4,3,3,9,2,9,8,4,1,4,3
460:3,2,9,8,3,4,3,1,2,5,2,8,1,8,9,8,4,9,5,6,7,3,7,7,2,8,2,2,8,1
461:6,7,8,4,3,9,3,3,8,6,1,8,8,1,5,3,1,2,9,7,8,6,2,8,7,9,8,7,8,7
462:9,3,2,4,3,8,9,8,7,2,4,2,4,9,9,8,8,4,1,8,6,1,2,8,5,9,3,3,7,9
463:2,3,5,9,4,3,1,4,1,7,2,3,2,4,2,9,7,1,8,3,1,4,1,4,9,7,6,2,9,5
464:7,8,6,1,5,5,4,2,3,3,8,9,7,7,9,5,6,9,1,2,5,1,9,4,1,9,9,4,6,6
465:4,5,2,7,5,8,6,2,6,4,8,3,6,3,8,2,4,8,1,4,8,2,4,2,9,1,4,1,5,8
466:7,3,8,2,6,5,6,9,1,2,5,5,5,8,8,2,9,7,4,6,8,7,3,1,1,8,6,9,4,2
467:1,5,4,6,5,8,2,1,9,2,1,4,4,7,5,1,1,7,7,4,8,9,6,5,1,8,1,7,7,2
468:6,1,6,7,5,3,4,9,1,7,7,2,4,7,9,6,6,8,5,4,2,1,5,9,7,3,1,8,2,3
469:1,1,3,9,7,2,9,8,4,7,1,7,4,7,2,8,9,1,6,5,1,1,9,1,4,9,9,7,1,1
470:2,6,1,1,2,9,7,2,5,1,9,8,1,7,7,6,3,4,4,9,8,8,1,5,1,1,5,4,9,3
471:7,1,2,7,7,7,8,7,5,5,5,9,8,2,7,9,5,6,9,4,2,3,9,1,5,5,7,8,5,2
472:6,9,4,6,2,5,8,6,4,2,4,6,4,2,8,5,3,2,3,4,7,9,4,8,8,5,2,6,6,4
473:1,4,7,1,7,4,2,9,4,8,5,3,2,1,4,5,1,2,9,5,3,2,6,2,8,6,5,8,7,8
474:3,3,7,9,2,3,5,4,8,1,4,5,9,6,6,6,6,5,8,6,4,7,2,1,8,5,9,8,4,3
475:6,6,8,8,3,3,2,9,4,2,5,9,8,1,8,9,4,4,8,3,4,5,8,3,3,8,6,5,1,7
476:3,9,5,1,6,8,3,2,9,1,3,1,4,8,7,3,4,2,3,7,9,1,9,1,6,8,9,1,4,2
477:1,8,1,5,8,2,5,7,2,6,9,8,6,7,6,5,8,7,2,6,4,5,5,4,4,7,1,5,3,5
478:7,6,3,1,9,3,7,2,9,9,8,2,1,4,9,1,7,1,7,7,8,3,8,3,9,7,3,9,9,5
479:6,2,6,3,4,2,7,9,7,2,9,5,2,2,6,3,2,1,1,6,9,2,2,2,9,6,7,1,9,7
480:4,4,5,9,3,5,3,8,1,7,4,9,4,7,4,6,6,8,1,9,4,8,2,5,3,6,7,3,1,7
481:6,2,6,3,4,2,5,9,7,2,9,5,2,2,6,3,2,1,1,6,9,2,2,2,9,6,7,1,9,4
482:9,1,1,5,1,4,6,1,2,8,4,3,3,8,3,6,6,8,5,7,3,7,4,3,1,3,7,5,9,8
483:5,8,7,8,7,1,4,1,5,8,3,4,8,4,8,9,9,1,4,6,1,2,4,9,3,6,3,5,6,9
484:9,3,3,1,3,8,6,1,9,2,8,2,1,1,4,5,7,4,8,4,7,9,1,9,9,8,9,7,3,8
485:9,7,6,3,4,6,5,6,1,8,2,9,1,9,3,7,1,4,1,8,8,4,3,4,7,5,3,8,5,1
486:8,5,1,9,2,7,1,9,5,2,2,5,4,1,3,1,2,2,4,3,4,2,3,8,5,2,4,1,3,1
487:6,4,2,2,2,3,7,6,3,7,8,6,3,4,2,4,5,5,7,6,5,7,6,3,8,4,6,4,9,4
488:5,2,8,5,6,1,4,1,8,2,1,9,7,8,7,9,7,7,1,2,9,3,8,1,2,1,1,3,8,9
489:1,6,1,8,3,1,2,9,3,8,7,4,1,5,8,9,6,2,8,5,2,5,2,1,8,9,2,7,1,2
490:4,9,1,9,8,4,5,3,9,3,2,8,2,3,2,2,3,5,1,3,5,6,5,2,8,2,9,2,6,5
491:4,4,6,9,5,8,5,3,9,7,2,1,2,5,5,7,7,7,6,4,4,1,7,4,6,8,5,7,1,7
492:9,1,8,8,1,7,6,3,1,4,9,5,4,9,1,1,4,9,2,2,6,6,4,3,8,9,8,7,9,8
493:9,5,5,2,7,5,7,4,6,6,9,6,2,6,4,8,5,2,7,1,8,1,5,6,1,8,1,6,1,2
494:2,8,7,8,1,1,5,1,6,2,4,4,7,2,7,3,7,2,2,2,1,1,1,2,7,9,2,1,6,1
495:3,2,5,5,9,5,7,8,3,4,5,2,7,9,4,6,6,4,5,1,3,2,9,4,4,4,8,8,4,4
496:6,4,5,3,6,6,6,6,7,3,3,3,6,7,7,8,5,6,4,5,6,5,1,7,2,4,8,6,2,5
497:3,5,2,5,5,3,2,8,9,6,3,6,7,3,2,8,7,4,8,8,8,1,1,6,4,9,4,1,1,4
498:1,1,2,7,2,8,3,8,7,5,5,7,4,9,9,2,4,5,2,3,3,9,9,9,6,3,4,3,4,1
499:8,5,1,1,8,2,8,6,8,8,2,5,3,9,9,5,3,5,2,8,6,5,5,7,7,8,7,5,5,8
500:6,5,8,1,1,3,3,4,7,6,3,1,4,4,6,5,5,7,2,8,2,1,8,5,1,6,2,2,9,2