5647784686568675878545666844445658485575765875478655577344365337456663435565447774635675333547667775654556748654768655585667484746846588648867867454556
7656864465585578564755456578548666774587685757757347753467676377775566774465775774447733777364636337635548477775446488778466775787557788566865585884847
5764487674464585575758685747465885887886565855546676676673333747346446773653757465455533535633376777374755475678456465577485666758756775884844486585868
7645785675455868478485656845877755644774757557747776567675473455456733666547765463743744454755556763433435353576854655856654484456887556664568458768856
8674884447477845566485845554678678647784373745473744657675436344557477777467645343575744377346343636754445754635644558755887565465754865868875774568786
4454444444745666776887486665568577585857636556334633374677576335453376474777343335434434447374354463433653645435678578758665474756548587665868587657855
4576644687688844585686885775688454863566635567556637373657647345577455343334777654356757547573666674336437763645545458545474574586558557647857764555665
4688575546475465688666745667766446336775566477764655366367544677476336653767763746453736565743677477433554436737353334865486488586556846467467657665884
4655874447854557658544775646687866636663666673664433347375346675465443373111111145653676473643447474735737457354573747754488677888864868568464557648845
6678746447478744555446465567868547564767437675356653535447736754435371111199999115477574544754643744775735355674535753774554857755768474747777644667676
848577885844548868877786778646536754576335667355653363443355633774667199911S999913363344534337544347365365353773763366354778886774458878678474588678776
8567764848744447577467748765646443654345364365455364477473634467634371999999999913433347744537657657656636477445553357673334767845766786867574567877877
8778874786875778865755476674475734744756434744556656746573456675353441999999999915437347437477356653473335664375737563535463644656555468465474475848487
5864756876888755554447876857546673334474474373573777365535456335533777563999999517364733344434775544467333655663745546476764488878484786545887664778654
4474847778474657765487443654444646376436746637445437434343675455455753755799993515763365537436556355455736466434533347457336477647866576848876558687878
7648565864865874565754546337333764735344746664453476736335354743534746475334675457564736337457577575445764636546743376455443346786744764676645458784687
6587875447677467647766646565565637573664534746436654764747665545335664376366767554473637577666777354347654334363775343654763746448766684758484688755647
4684855786576545476555554366667457657467433447467673767557756445765455777734647444373444767576446747363643747666634555576456754434576468678756648875688
5477885884788556688866576566554645674644555764564745645746653645465574635574533676334575344544547753345735453467633635375763544345454787844686558857776
8856855568486547644533655576737737563367436437536564654476744566436433477546473375776545435756667634335437356543555776763345357366368587446676885764878
8557676587854778547647353665633475756355575346554463334535766573367736535364676565456436775433654436773437434347636743437733645677774558588475748586664
4444844454748487635536377576657473357636374645657644733373677665757535744763437756566733375545475577564537643676463635653565554645355764886445575787864
5466788565864456737356733774775474476545656557756534467453455555635734557535447755765733373344354365475356533753336436454354357453647365484747665468545
7875644875786866433666434754457444657456543444344544355577475657634666335634322264345464536347764437653566675755553745776573436543373554744747747555845
8778764864688777363333346477566657753767354665543574373635435352362253333262224526255355525574344773673657655765455634756355773344344645784884866658558
7846586745765473636534546364667764766535557773375655357365235423553652255524265435525662624227675475765636777473755367436774677435537776654888466854488
8777484788855535466764454546545473346357467476647675776225642332242245552526554262633455466346465364456637743347734367764777555333773443766788654777887
8574466685746643464337674355776643343636454773646657536223324364633342433456366523624336565344266465664476667573563553477543473645766365453886777475878
5867576687855674537464765743545575357536355545465732455264553352324532623326632252525433336532522535545374774474354473647634565346467377756666745865776
7565776586443756676435664474664346475367744574553243536422523334636243444354556366236535225542556563336565337446356333376576454466544673543354658876877
7557874588355337464367544747475465666334353633522565436534463233422363635222352452636246265522465426335233577766455733555677373436644756344674675576785
4454555863677637455736775535636766736456756533364355665655246623362462433345666266532464642232325534263426445754755444674345545346733647653676786586886
8485864863437365636744746664336677336367443424554356423664422254634536252522462562453365365243565423536334234375337365637663644764365734736665764784574
4854755833735673564454673353665777467666546556265262536436656323266356234335423535342535533546562466333525437533367473434736655454634534757374765756477
4777767644473635544755343547657457543566362546432264646362452664635266225624364232455245445424626446335535246337435546544675675533763756577576644755485
5684457676535553476453576355777737357576726422345363532334366236334442332566332264366332252554423562455545362335446656346363335343746754676373575578467
5577557735634736773663445555665374755635463655262633345463346326662463436323622663362664334443524643646354362326467677364446767456677344456433574786477
8764875566544755744636436436747773367435633353332266422242255524562524342543255563265563544633253366433233366623753365577477354753666747557773674464856
4864863567334334555455443374777754637726243424432663665532246545425632324452662546623453655265353336555366666652336464577537673657443644367366646545477
4887877434356754445546546655333765567663443546655525466365644244343255334352442532342664666523255333425646555233325676367373565553363555745747563486448
7858637336576665434675347456777567462633533323332632566333622523623246432635634562453533456464243355452623445462352735457743536767573554774547734748547
4466547753355735535376676757733666362642534342456632436463634663262623423655655345422232625556364632263536444623245276564377656656773464556535373776848
6586455535566775464433336656336363333422533454433643343224466565464245233445322666652236222335664245442445522534365344733636435474634434333763376535867
5663343745766644566544633377755632666236455332344243656234332356643255265432324353554354343656252636564525425542256635775754335674344373664344347743488
4543466337365476445434434564667454555466233436523264642643252262235253645453332424526566256544453444662565362656254626547636446674437757556474345674656
7677754653447634555335555773666423464263426343362245554235365423463334455524434365444445654455424354356265656446454552545333757576333566657776736553356
7657447663345353647337354463655522565325653535343335425365323236323456426432633542323524362465344552426544266232462243227744455737356644466575577366538
8346753764457546755354554663555455634654636342436262244653555654554432435354636335245265334456323244253555655443626556224643767553454574347555644473676
4443475643354577774744473776456653562665432355623432435364263625236232545432465543425644543523362455263363243334254456662665733434753567376643654675756
4767546534676774665744434557763345256342445553453556646526453635522253325334535425545345443342334352625454446423254432664543455537644447546665734664573
4733463773645445554575433664345535524224655325253665545442565263544434335434235455253663235235435632443254442545626666332366473464767446733655777647443
5333734465377453534556336643554243666436422535355553634252546324245534223232342332452356664244662644635643352263656566332637345634753566345643534353464
5773367565666357573753733533665655544336543423622453342423325432433423323554324254244545536542434422352442442224642536663654744463763544455465774567553
3554674544555565736756557743645232235355533523224322435366644223453225433442444223353223546542525544635643265333555526225436435763476344546456745455433
5557643336743474476566536466346325464444436563333645363525325553332233322423355433433355525245334524244646466645535544525462647553364664364654674477335
6354356673663634674334753555424252354634562444653642565265223343254425425232455445534342242555563624555422556642344263532235564464653443556473336357554
4353343654335566367764364546266332555352645264542563555245545445354253334243342322244422244243462644225263224235632435435333463775347634544654335735753
5576635567453577546757643453364566626455435333626443445453452235255544335325254542355222235543535346622326654626445536245444534337567647735674657445375
7556375535353663767733767436623445553364622623263266562233252255222422233425243253554455243542544224526534663625655463353455646367453753444567453347773
7334537434574737537356557645545254663653625456546636543525552435325454522355222433532345353323434443654554565542234562344636363553663535744375474766537
3434765756574344566767453646632456464526234566443424442354333435244353334322225223534552424352333362222322425655644552636225524533564747456573356735745
6543564656646353636363543654534365354334464645634225455545252442222332445423534442223534433545553246355623226453556454453434636343634447677744435747635
7535547674666734545363365635522362463435654345526644524244425555453454254552532252222554353442343335242353452342425265656226324536354764566556466445447
3757375636447357547655756242265322325646322242452664442252434345554452542425323522452335524533355455466354536223536364536322265554454643637333337775445
5433666746353566664746365346423662466545426252233664432454525523452523553434335553223545453233323532445254223466535436435255365354456765656446635747565
5534636564756656735766654524365366663364352452222562534354255322253542522532553553555552532344323544324336242643362336645553644467464565357637647563565
6375566467476733465545553252355455452253325346634524542522523253253554324355322534234254253245533523453362422564324543426652565433575334776574334337633
7575347677737743546763322533356636433445645544223452434345323523222442422332325543534334542424242255456463462522355426624663554665645577354437354735563
5657374434477543375364344264462426453556266555426655535325534225425554433252534335255242334334452235343354343245335536456444426346347365555755776667675
4344554655363737635667653355464334234254542226322354425324335342544343344425253225343432353252423253332546346326654335264664355656777745677346665667354
7364343377333563756734522246564633324525345433535343324242252432232343345543523533554535442534233345234323446253465433544545436277347637543634577734753
7334477533634354444337346432424322254524464635653353553535232234345433454325332225532334345332342454336222223533565654433354423234635377573663553367447
4563476676774665445345522644652663446266265344442355534333242233542324353235324234235354243345243235234626222532646543363564366636674367367344356447665
4737377647756636345337555454265336264624544225426353553555243443325524422552224352325445224433254535534446642564435433362264524467354555733434733435545
4544664535757655745343423536644325466664552356645444322255324455342342342445232332554553243544243345344464225355265354442432652656355355366357547374674
346476534737777775344535563642244264456562542335634233324535335352434452422@425442253425543244423552353332252223356322444346423523575763476674757357776
3434656357573367775544366265266624266356424364462523222425454442224522222499932455554424344222422234554336624533642526423235562655537573473735436533655
7577455373743576655573746326246245442666664655535444243422452335252335245299924333225544232552245344356526445346526655442443555537447774566533374636633
3677734354477655765376656544436426466644624534346425523453434354424453552299944432243225434434353243326652445522564262343344426255646345673765573455534
6637667563555464433733355656243335634336646353462234335444233424355342243599954254222525233425354345536465445266222633253242254546554573664346656574745
3676533473755357446677465444446224324663454554624242355535352335244355444399922355522543355535344342455652662225462556556335542263736734563744474455566
6446636674545356533456543246346665566562224544334343542452524523555422523299932423242433335452255252534533622424533225223564342374347466747463766777644
5367357577674573776666532622323545626663552245253334233455542324545435453599944244343224523324323332556366352323635665324535356235465654645535764633465
6335354736743577633665454634655235325246236224526225442225423552444533552399944354332423243334432544462625463633265556522645622345333746654635776633536
6457356436447746345774325535335555345542263332455453524323533553422545335599924342222443225354555425545624553443554545256433324275537465754356475435573
4635555633335764453563525643325562453223535322366564334333544352244534354399922354423223325423232335635456542255356234324534554567343745536753433636346
7356676665357553673536462652535243623363323426264554454222425452534254535399923532553555235245552342432255626442252255252536225666447634774654763737366
5766373477357643453764732426544546355566352224522634532325234242442222523299932354254353523434323534323265663333236343634453233354477344743577376565476
3746535555666563573346375656643352525532652355266646423254535542434352442299922434432322232443244432543232226422656464432332362475434636367757654336463
6453577337647446477647674546463624425642222253256325643255355454524555322499932223242335522222444263253465542333226265445446432645644333664564474744633
7567575576463445366373744556664333265542266356352453333223453332533342444299953333454232344452554545665633534363422342353532255434446755737634645555553
3636737654633747774454647664435562526332266456466664663342533442425333435399923442242242332345354546536222526656632533256452355746734344733353333663473
3446336357644654365664366326336436264343363433223346646235534235322232322399924254324232323553553436263526423665622643434463637735467357453636773374455
3574676637464775746476746352256535343346346366226645535245322244242252555399945252425222342444544623665362252536223245443464374435555533663734544345333
4733545435465337753677535444462255462533455452342454446234545455532255254599932244334225522353366233533546642425525456355342676345437577763567766343744
3343674656736575345565664654343333446654434533646535245423323424454334254299925433253553344553422336556235564544462562555465535334577773757734367774635
6336367534367677447767456743554332534566362545234223262353632332334352542599955224254425352542552636464654242242232444564632674347736437464335575766435
4556546675373533433556734474263342523534435634444354536526623445452554524499924534532424552243256562253246366435652656445624545745666375556353376765475
5656637346466345445473476355236622543263366254635654366566533452553452324599943454535232422662342654235252535554224344225637377765545636736475743756754
4563564336656737775343354437462233666332643425522342535364224665242234422299933352234523666265536243635543645656553455636535755347655443654674547557555
6334657577453733376755777544364346655443645365245253455536445663324353253299953334424535445222635643452522656643236636454364535364735456346557335453734
7673735446547457757376465447722565426625323532345453245254563245233224453599943545542646562536632533543364425465354623546633556474775534336476675475557
4347644767577565455667553555743562645432344564662643622325333553563656223499956444343353635442634332326456423562236565252473453336354773777754643646547
7656644653555353747774667376353426642553236625623252536643625432626242656399965454642543445534263435266225656522656423634564747633454443676545665344545
6553554537466747335755766455667443455363425455535422434436532422543454432299943666636354232555446354623555565322664236637457663655357463475566366477334
5733646654344767447774635544537736532426524435426264536356233465453242466699964552566456566462263426665536336652334234575474637336634336475674337763658
6436744667465445333567637677553636424234566656566333362235256566664255662699953426663444654326466246625533323565653365477544776477576756735733455474547
8686756345743564773535467747375446546325445556454362242242333443346342236399945524434246245463555654535433326655566446753357434475776457556734537653574
7673574665463477374545347364377657254534556436252523423266335435535624544699934444432444653552342223234434645266662234673443534335467477646565373533678
8877644674536433557457655674575655556242536325256455446456555255563634452699946554362552252552256554443422453255632344575475364436636767633376557466584
6466476556744436477464357353654676332423563444353636562225653363442443565399922525336336625264543343266646323525355656336446375364564734554664434565666
8578576656456474336447445766735477654653562422352645223663226245322524256299943236462456536535642253335326435352336656743643335444755667537644677376776
4767435653446534573376337543674547436652624643635544323256646523456256234399924222542665246343234663345545635244337757466343634743465565675633356754847
4686587543563446473736445464554477447456442342534555422226323426234522665499936663423236352264424623535624562533664773343773733446737664455633665587476
4677785545776745744663767676733344455764252466334442624452223553342544453499962364542554254256362452636325552336357666477353473733374756756577544446454
8577467576535437375334346746435374476633426422354264245435456232222322464499964222352324446653542242343265242634557476434546476765364455755744737485468
5878875473343633436555734433435537544474364452346646325565346525362545236399966233645666445462324323346352642377444756767443547743766646543463576887644
4777888537645433736635775476555365754743433552326365322654436643366643443299945655553265462262266223232244647557453757677364374654545365345444578575567
5667868447456645764373663375436735445666777466452235333352252465546554362499922436326332454334254526244565377645356475645655577644445477337544754574766
5864555683465453367676536647776577676654774344526343533552234323256362345299952555663222323333423653432427336764755574663447447356776635745664688465454
8466875864474463536735657367647657445563453444665466642444635363635364625599924224666442252665622335365435453355337354454735436733456455374376646864674
6485867866453667776335356665534365665477437667346444543264535645534523533599933232352663533536625664346433344563675767463665753567635676757656786448867
5864586684845767546563764357554565757747464374676752253566554343642543222299924434236223262542425433436677754476467774436663575546453533353368856764457
6874754576867536366445476444667743677366434734364367353224635623454465442399962653564324346353355636646374453634566533337454656675373377566887756454488
4846468654465436644754356333454445646664333375773376776622324523524223454399932634322342564665663676537635634374756663333574745663575376474455667766774
8677465674555536374663545473364355736677666637743755376566264642363542646599956344224456534247337463464633544464336543365373377667636766458566456855888
4686555668656645364773754677636336443733734563363457656775753633334344324599965562236635467564746746436534653636467354557676336465664337678865445787857
4686748687556786445634556743677335546644334656547747357645473373452533343599964555454464574756757653566644734774743545737773646566377377455544755568644
7587665567658768345633474374676533634666467475654466766773454556357733544499947637775435445436767745466357455764547755547634535754533575588556864865475
6864776586475885536474745757536565443646457356674463576763734476567564633499956457645447445744675466765563436764464656344446377346533485755586766848777
5745765644557458676443567474556556445454455753766467667455765654665543533499953645363377337655654735737645645746476656657676636454764555466476764866675
7588657884457678455656347553746535735647776475647474646767757633435557635499953453343435775544373353575366355445664346546355656667566548744447585868665
6567644557544466754855474435646533764666477574676636436435353654363445343699936564333333775654753634776564664633765755444354466354658485788586557644765
6778784585485666745544737465774676435337754367335473647665633646756575535799964456577674766344377465353535734655473357555673353664687458477776766688645
5644867887648784756648545765735344455355535764663554447734436567565574536599977663575737336553553737465676645774675754744655643657666847658874846765674
5656555568685784477746647476335476744556665377736455373475647656337457374599933656365346333557553344354637343656673467745464474677457567758886656876446
4765864756484565647585876433354474673373356547567367457733377374656654643499965633643553765553573436775763557773737357656776674855865484446466466685476
8547467756764877884785785844765544535465664666767333477377436557643564574799965543755375334534477354437647645735635646376337388486784844475468745845678
5856475756565845676745445884754437643473333743776673446336744737634357364499964536436365375363574744353646564345375573366374846465464456575887446858755
4788885475786486756886856847664665573634533445677753653643635657555364636699943575763553345345434444736364464763755653677357857656587556544576454768544
8556557654555776444565854676746436453377336767676776374735466445535767466499973363733764555374534475576344744457357655577775874874774788588448657864765
8485864586888667487867657474655656376737745555346676356546537666464467454599975554677457734665477735733674737467573464376484444856457875487746665466665
7474445467588665566867776584744763736563636534746575653735734573677353637399964655354477674764773734733475765434754677578857656557487665644587568568844
7865447774584588647786887575446464474665364654566557375644346545347747345399937767753767773334636545554635375653676375665774548744785785647576575866845
4464788474755546664478647486644746667663776764564654537555544754557367374599965446766554376663355747374476765536555576484444887465587665444668874455684
8656577488677858466564476884687865746753446465733746635445664363454453575699955657377334566476777763736555645457756747666457756644884676847585648454655
6578878887458877545868677446455846478484633334674577364364464343775377653399933445334656435643645773546774673756676544576756677866476546576558545667885
5566458477584654674777874464476888846768744356547477573743677754456775674799976334346776367646534757674533767766556568745877865888786568475774545565456
7585584765655545484847768588485677764585684767776373546747735637737333457399935363633547543654667333765337467645856568864485557856644474565748645476655
7545766564846677566488676485867475458746556488476646647573577756657557676399947567477373554434564746535358755665567657866447788658556875446448687445476
7578446747887866558648676648448778665544847457884476343455367475653545734799975744656777376734735355534885556845557555845564884875545556846546885575784