3845 2702
3649 2754
3637 3402
3841 2921
3536 2870
3788 3310
3857 2891
3596 2885
3785 2984
3854 2723
3552 2882
3781 3020
3619 3448
3618 2874
3719 3468
3577 3102
3873 3299
3908 2660
10 10
3610 3009
3838 3011
3522 2629
3712 3474
3722 2555
3677 2621
3680 2818
3751 3314
3989 2624
3818 3414
3974 2609
3517 3197
3864 2790
3700 3700
3730 2973
3998 2910
3621 2960
3648 3439
3904 2939
3885 2659
3716 3395
3515 2904
3826 3038
3963 3220
3819 3067
3928 3461
3644 3091
3631 3308
3840 3072
3817 3185
3529 3049
3880 3380
3738 2851
3830 2601
3600 3055
3524 2932
3811 2604
3787 3345
3948 3179
3632 2502
3564 2646
3842 3415
3831 2526
3623 2556
3606 3101
3653 2750
3641 3000
3889 3493
3773 3312
3721 3086
3531 3059
3647 3464
3575 2584
3952 2718
3736 3097
3734 2898
3878 2941
3753 3388
3590 3436
3561 2606
3615 2887
3608 2997
7200 3601
3713 3157
3918 3169
3629 3346
3926 3010
3598 3282
3874 2894
3583 2962
3549 3347
3912 2644
3934 3012
3956 2635
3882 2759
3813 3129
3960 2836
3681 2551
3907 3394
3562 3404
3603 3051
3560 3053
3565 2839
3546 2721
3966 3127
3592 2656
3611 2538
3543 3429
3532 3202
3658 2999
3848 2840
3761 2911
3556 3266
3678 3252
3881 3263
3519 2998
3542 2594
3997 3124
4000 2956
3943 3401
3696 3040
3555 3089
3707 2585
3711 2730
3567 2633
3739 3430
3965 2970
3950 3140
3774 2855
3706 3476
3815 3269
3702 2547
3812 3110
3670 2527
3502 2795
3572 2953
3835 3386
3591 3483
3930 3052
3616 3432
3777 3280
3937 3426
3504 2683
3570 2565
3942 2872
3605 3301
3766 2548
3790 3344
3971 3383
3667 3154
3901 3242
3933 3096
3512 2504
3792 2705
3870 3326
3726 2531
3665 2710
3728 2679
3574 2969
3988 2731
3507 3045
3755 2905
3909 2579
3545 2697
3737 3438
3601 2649
3981 2762
3723 3363
3588 2929
3506 3434
3802 2989
3832 2701
3985 3451
3740 2586
3916 2500
3861 2603
3566 3272
3879 2734
3634 3492
3622 2514
3547 2946
3955 2727
3617 3241
3920 3471
3850 3160
3640 2719
3525 2825
3558 2522
3573 2654
3662 3313
3957 3134
3945 3253
3763 3425
3847 2873
3866 3030
3791 3149
3772 2871
3584 2717
3953 2695
3698 3484
3876 2571
3557 3278
3627 3283
3582 2980
7198 3600
3836 2900
3968 2828
3694 3247
3839 2626
3984 3422
3513 2965
3851 2780
3633 3118
3905 3499
3959 3041
3932 2824
3749 2748
3692 3225
3579 3171
3602 3231
3660 2658
3700 3702
3833 2529
3893 2917
3816 2761
3664 2517
3778 3444
3643 3381
3544 2814
3624 3015
3656 3271
3779 2769
3663 2581
3982 3165
3690 3437
3754 2687
3607 3262
3961 2665
3765 2543
3750 2752
3990 3486
3915 2903
3511 3305
3593 3291
3760 3119
3795 3032
3770 3261
3654 2742
3914 3407
3578 2988
3801 2550
3691 3212
3521 2957
3935 3364
3609 2785
3829 2711
3858 3258
3767 2596
3523 3307
3604 3178
3999 2796
3758 2753
3599 2615
3784 2590
3996 2893
3673 2645
3701 3494
3962 2545
3636 2768
3581 3400
7202 3602
3814 3373
3594 3294
3793 3095
3744 2553
3652 2536
3709 3459
3883 3084
3635 3423
3824 2869
3859 3109
3516 3021
3872 3274
3856 3319
3923 2901
3674 2843
3714 3145
3747 2959
3671 2859
3756 2642
3620 3151
3995 3121
3828 2794
3586 2776
3794 2968
3645 2589
3518 3281
3526 3227
3659 2686
3946 2848
3906 3044
3849 2813
3651 2582
3710 2745
3538 3135
3823 3177
3729 2835
3708 3467
3800 3235
3903 3100
3509 3460
3887 3487
3954 2655
3718 3018
3808 3354
3892 3264
3796 2694
3877 2563
3979 3001
3768 2614
3642 2827
3964 2924
3929 2779
3992 2676
3695 2625
3554 3058
3869 2564
3720 2506
3967 3070
3587 3156
3505 3329
3786 2961
3782 2944
3537 3116
3924 3172
3976 1989
3910 2726
3563 2938
3699 2856
3685 2535
3827 3004
3875 2805
3931 2935
3939 3069
3650 3379
3684 2868
3810 3342
3541 3192
3715 2755
3672 3446
3975 2534
3743 3284
3614 3219
3655 2844
3853 3099
3534 2952
3868 3495
3844 3382
3731 3239
3568 2912
3797 2716
3759 2808
3703 2599
3922 2817
3686 3376
3805 2915
3576 3176
3897 3463
3666 2908
3865 2672
3919 3273
3508 2501
3580 2575
3825 2542
3748 3002
3970 3481
3693 3199
3860 2704
3705 2981
3589 3077
3973 2617
3862 2781
3646 3006
3638 3259
3735 3390
3822 2918
3895 3187
3806 3133
3837 2607
3863 2765
3553 2865
3704 2510
3994 2879
3993 2815
3769 3452
3569 3174
3940 2729
3809 3251
3732 3161
3501 3265
3799 2708
3911 2799
3898 3384
3925 2906
3639 3469
3891 3351
3977 3078
3700 3701
3900 3203
3746 3201
3944 3173
3688 2674
3884 2568
3612 2685
3626 3114
3913 3433
3947 3458
3742 3248
3503 2675
3780 3245
3510 2914
3683 3150
3888 3035
3886 3074
3969 3170
3867 3377
3978 2834
3727 3322
3871 3449
3514 3111
3559 2987
3548 3019
3927 2990
3527 2639
3676 2943
3630 3293
3987 2588
3775 3183
3550 2605
3725 3093
3958 3453
3528 3062
3991 2892
3902 3361
3834 3056
3783 3332
3628 2738
3661 2792
3890 3168
3846 2652
3807 2715
3771 2823
3820 3071
3764 3047
3741 3385
3789 2666
3855 3485
3668 2691
3539 3372
3980 2532
3803 3175
3571 3163
3804 2954
3700 2533
3675 3218
3896 3209
3894 3104
3972 3026
3843 3427
3762 3397
3757 2992
3682 3229
3724 3482
3976 3356
3540 3306
3752 3083
3679 2509
3669 2725
3938 3360
3585 2804
3917 2573
3625 3136
3535 3060
3530 2699
3936 2945
3613 3399
3520 3068
3899 2528
3949 2744
3595 2896
3689 3122
3798 3139
3921 2525
3941 2986
3551 2707
3657 3488
3776 3450
3733 2930
3745 2994
3983 3328
3986 3343
3597 2578
3852 2812