5218541126122221692255916489139426232451111952695583127413482266785661742857956412359556487836916522661754657542333239423277679784147216338411637374344463195162766467855327586936914612985332367448399846
3757731581268141621116658539991128391111111114351414995111111111125345679983794758313552781581157611111127133398834529921348168826111111111118957889885611111111885811546915776853129597465231111111111816
6593111111111616962471111111913878111113623811776194371112111111111362697111111615625226193195661117831112644461111116218337292111147433245165318182111145474411161684111112266311111383919111158183113938
7111111111111113121621117384143512111463726345345187336211141542711144423121111159151194384139139195524118442411882317967179721139427582567953498726115284583171195611172756462348911169885116391931374393
8611187477588711186973114328189656651181131911919262226367117758211162576121753112695491335582738125592212498616128619582269911695271865611113989541656548631191131131534583294711112472557611837235473151
7211292174974699117689731115939794142111919271277831854949521162651158973111858838918992372885734115424681236537353112697835411355321111842659474912795642474711524117644362695165137249355488119314245996
8511136837711116431775973562692333766676216642374152475969458316811171367211113743439714972111535211558813699788337219466411911111111447711118142319921111113113839291111111852511822775556118295115166697
1581111111111111164542936191541187616362372526598111111111328894411934398511112238733146564114269521117281863854421311661641981111461111116111743312149923981114383324311918581112381293293911149532962497
7668111111317461984936878961111111139326728199111111111111111397418251873621211292211993811152894844117538465111173831197165157377882661114319641913285347873235377987763141111112118466765111481113734714
9132936146771455696345345511222222119739955611111124377823119613787531111111111111118294413198366929521614861122192199111339662141158511649236915773259116281673276783951111114751948672311697643961529584
6275572771622251111962231112111111111139787111148735797319461692591111112211937311296619435711659112429413111222154756554286972111143611865157563288811161138939824929111914338421356131111858969793154888
6548456794771111111119421512111268547166931112236613569148731199411111512211387854247111195814867679931111111232194153569519211122118316516157772355113264213423911211433827965563361511271584684673194527
3438959317564116431731147411119473655191117111821544411111543197111353112214945516811121289446666888111111431232142777932811112222119818783827144377512321948479515261875981324126639615644499174333117977
9313111118227411415561768128111197216189826611111111113389321576119299712112395731112221572159611111111654411222111111111111112332139111146951451718911493333697111567111131253459745318296114478715112986
9421111111181862741114399456291111299538251414575769391564422234135565111127221111222321558911111189527499112111111111111643212322159114447128943443851111216112195891915742168515428116737113681578125349
3931165399116288296217331841236564568912319337816751111111787592187967111869711122233321141111991233342341111127683946571851112221198111118654724814744731111111114156513671862541146215533411346961425259
3111168788611369948147241111944493991769596818485111111111111695148431113851112223333221111221111111161111112127211117647911222211785521354568511185125793263789467578787669113463841912259281114111436848
2411769975694172921738111211116791711111111163261111115361121672157811686711222322222211111111111122111221282863411752511112232111165317139421112162291357935196123383571117181111675641957587311194127639
5611825348848911282521121111114896112111112114181217999836111362573646393112222221111116576971798111111121111176289789111112332164299499813111222145311111111164328851115183418311998181745838633633223688
7811136873588714624922121357111344121148311215911111962891411616466427111122211111318526434417497136229111112111131186589712222111111111111122222182711872411116138231777463691116212339185567499768785892
1411134591116243156212111624116638121654271211347111158863742916393411122211115272176469244433472212272879811112111146811111111111112211111223221178311249951111422558787112626588367273563933937461547431
6831118111265987923117811148767261111161491116673151111324276575491112221119257452397111111111111111163866145611122111111111765949311119171232211493341857626511694417617156271688275417864546111111112478
1821111112619365176771552111955441812135498164231766453111937415811222111627395771111151188468611811111114338749112222182231141125975135311232118232891998955641442537222693111181734318922291185153321553
8539141873147611111114189999111475411117281866285752897274223231112221113596122112594372258632782525323211114544811122113284441111152542112222185595318367649151988915231111111199641246368412869778471485
4194953312268111111111173416388246992811169859111111111111656811222211323697831775135498369111128987555971114157185112211988263525684911122211121834571686332331396611111636773151146121397815457791111531
3996569142761111413981184529825444638127753233111111111114671712222111839432318161897681111114663292411111125118342611221118166371111112221117529962339396416912373351186651761149996453225512791714143531
3452241134631111357492127432111111111462734561121789331217453112221157715945716216771111221187479111152248691212866911122211729731111222111879422281113289112833591942117511112465711111947637945597586964
3496611155299111237634957711111191111111198471121484131112991122211548495929314692421122221749321172774473521111113335112221133667331111149675587411611147734876918349611111542448172958112118155915121726
9519117388561611115518348768119986825111137138121154861121541223214779111814412446611223321141768668921995821187211394611221118781625112898537882231585311688437386358876186646761252525811933593771747775
2659187664839612311112575965111186248111117432112132611178211233214787111171548981312233322111226175211275311418726185131222211194885111913411561711874891186214943511111953215818497154114889387111111143
2647184514293899629856684679711117498862285268411113911559412233216498114788814235912233332211111111111472211712377185491123222111111111115267474775151534196492561134341118589615914611187337421285211169
7811179241117538252779117856996211111158562562391138311372812333219677522642412657611223333222222222221717811389983413436123332222222222211128761828617367112744116629883111113956386469297822317789321179
8741149571216524561111119219681624519959275639152879211711312333212831112742142316121122223333333222111111111278951161924123322222222211111194698175283983415591113379417411118745696898359787951826511868
5551173751218412111114668842992727891561119544435164991393612222211111111111781365596111122222222211151112216852293111485123321111111118552359987457237733612223226171163111528642251122882571669327719317
4451129321114488111835622819731971111111211111175247531181112211116685491511119429693968111221111116867512211431329511286123321747833825961989165549167998115664131954111141571566231111111168168831643286
6161168611129961116386235127691111222222222222111122489157412116885117643654111168591819541111552259191112221918681711396123321122556284911111111157511448123112617319946591965111111739511113886675498848
9418113111717562111251111676111222222111111122222111578571911164211154215735341111714441859981177111181912221143949711241123322144582783831359971113452111131629441475947384415118455811858116864484716453
5396611119276388211111195127112222111132222111122221115811118691111675919332892811111697969439484157313611111345634511724123332111314388213177977214765962731739111111113658181183675227831116895111157724
9114352316319493178544536131122221125395582348111122211112211111135399117946827795111118335848311169111111211727644111963123432221173724515174692111183232743111111465511156721464677831111966511128111384
8633235191119752984656974121223211264511111134176111122222215528689729116711137175851111111111111111111119211231971119151123433322112263441636761134298578644148815254251137231263211111458344931647291186
4474247151197311791549338211233211769191345339982396111122211648542558113986539232458161221111111111152548115421111388711123332222211292662781112819694144574144614757111796731172963129746688314842181118
4217224351815611719787724211223215655472135579248747883111111111575211819955917127497111211639989611548631116185111661511222222111111111719913436197211145852114789411166683854932542111111199136667611198
7851425111251911648412461461122211376591111111199344958525282345213913937778792391111121113294931438268911116581135434912232111153596732511413511111112111133211135896465542353226711118511119727694369687
2147944311511111112196513261112221196251122222111116574474473281127411275836111111221111643116173375257871147311385285112332177223441311111111127446122221112523146678985622798667411414197118348254496852
4219147711112114351136841834211222114311111122222111162245967489468959111111122222111691713391635384141881169111669632122332123783261111142841144641123322211197211193181111111176418753441186279256915412
6872811727111113411114991512251112211137977111122222111111111111111111122222222332129619121751111163253951194959428611123332133919348116598211684191123333222111344392111111111111111637127215575911129797
8114911191178347891854111531375611111111176414111112222222222222222221111111112232111111111111118618131711369144939112223432111488894156331115283511223333332211373521158139912118131116697181471117111873
8213191123968961381946111244282627951111111179399811111111222111111111935843111222222222221111521626111187735728481122333332221711624382161137599112222222333221148211457398781117824661111811111151511178
4212321183642144251141111163189937733797168928454164538931111169935886159834911123333222111247826811119211125322111122222222221855171754116797261122221112343322111511835963111194279467149661512483541812
6258111116429133611111111151111111454746314947381944258881643811111111459819261123322211112679811115241611681436112211111111111156617411195447611222211112333332212211832741114698931111116646368728911592
8116994118175311592111174891111111121363211111117914856384116283313411324677111122221112899654111555411175989411122116679965411835957169325938112222118312222223213941278513991711111111111463497686251915
1419399111394821151589554311571441111823611111111214198752236813637115646691111222111169777211944321118376364112211196194754287915561388355711122211181712111123211119249176473111114782741446465127272737
3511243111375152111766457114336311176667211878711934123511111576841168211111222111189785271111254117748167211122116221659511111197499163571112222116813911159123221873623177981111927949363511198225229715
9471164111417116117555272169191212192994261563861117431116649836112649111222211115171236699266811584212612111211165261451167111442464451111222211121297111624123321716168499811115699691256997894111113312
2331911192317113113536641457766311197948619121184151111411129911442611122221112272251181487574115941181841122117373611611118261815221111222221116842581117759123321864628411182111184735385658911191111353
6618992212774911115384811482128111369111111191291182112292641159151112222111858786977111115171895112933111221187547738284521751111111222221111215114521116343123321638924112185811111111143633119886481136
5714413376666491387487758516841162829111111246137731155391115341111222211114527376499412217731111236911122221234668615629111111122222221111263761461111116531123321137911122112541987846563268114497571153
1891322383398293388942698117466789241169911161845481185111752211122221114867343969396112117579618735112222221111111111111122222222211111717555111389111141611223321941112222212511827785733251124414611139
6711651886669165725885411965723513181976712146943286111197499911222211114516121591222121134688327411111111222222222222222222211111116734457141149831111212261233321111222333211773811111113376619681751173
9582711532181449613374599783913752381937912115592672134119971112221117996815329624111111773985111111117431222222222211111111112623384385411116645111117842311234322222222223221616111242721186487655111891
5944641723186179619771161111111953419891511192776914366737411222211956841182898291121117835811112773684111221111111118145446365336428277881732181111357945112234333222111123321124116768181177219141576548
1475561117196125411786188718751174434964311986482851652855112222111364117935812641111715891111139895111111111777147898983346111111111663455549111118748711122333322211192123322194118355946228851155127618
1747691118114115281161859385381159192142915153161411191751122221172931141112168311179918211146269111111118843928427664561111111111111114333111116938611112223322221115429123332126116113334119855767859494
9115911117115215371121146377911655542172242331144873149111222211864911443711466113328571111697921121115442133412325111652851183653912211471111844212111222333221111179714123432173411169349147672711116363
3261711332113218986111696861117136294137563811242236141212232117769117147114131117845611116759111111659759291189532111727989488525312114887342651461111112332211695152129123432129733425422933259712411222
6438115519711112723851111111822179147713717311127671155112322197661177511111111586983911179421121133392667811875511149441313363987111123291485965111112712322115115871153123432155444453883371191179271527
5619622139711159527627635888519961948511831111432331895122321197761962111915266671146111721211211356711114613153117745162218854711118869243477411116937112221146117931163123432165548971111132177189241114
3328718391764419311733315314162411112231146611528712538123321971117977115542965488717111715112211317215741111981171235379451111111317933365819111143391122211738115431175123332126941117991271165525454129
9466114383354543917673111395121111332151439311111177951123321859649111115244566811651118582122115113114941193311768169511111111199817977965411111345511222119243111531199123322199611495962411143887576659
4811518518353257671512351711115111977111253426817156891223321956166864118822421113671219341122193121114381423711339171287611821184141644411111676551112221111487711161541123321121118297412611137385941422
2611266112832397621141729461592951111164735846667347711233321566585384111787141196151217881222129651656691581117979111164257471118111111111183317811122211626919712111621223221613112329121113697824553465
5441451113839951967111122611448951246161767713925124721234321287111118111138111176371214631122199931141361159915645851944692311111111111363886788112222114393177111111921233211554318635245131317111111738
1911111151911491161721111116747483976531443174187964211234321636621118714111112891491114834122116417113471161318844868896241111641163472811179251122221175118211124615311232219556811635492669111233711542
8743487481914431146658715469499297377982471181711732321233321764994119661693981289838112512112214896311955194516581111111111197757461111172627111222111594668211386896712232117652631112454611573491113417
7218519222111159166864971389964541651862411192411492891223321416411113244827524116973111347111211162721111144514631111111163179146117275147211122221131751484111119755112322142334799815828116474171477286
6643944321112231183353151285657831137412861117371194831123321411111156111111111119626211187941121179929211434619989837549133574852953849621112222111679317987411114421122221135881119499271121756719183553
6132634211164211271322111911182541113318188211111133481123321117115944511895111343322911116495112116675821695116129932111111132758782136111222211184948671611111157311222211386111111145411212946753884139
7111511391111111883621417451142411166129899289695626862123322116111714218737132612189628111361911111114912813222296111119361139772563111122221118445712878115699931112222113561119253114711363318321434718
5111168512414724938925911962211111557381317797568686917122332112311156941856551877119472111111753122211114952327873989189161795541111122222111732421156971368111331122221172111178363111941111111124833985
2114323683899338415817311378428691973199111118111114876112222211791165923394111195111213723811111123222211111741988883341791111111222222111183811496111747186617111222211773718116329181441941668775111815
5185761234325472177563113642896933981456435249785461113811122221744111989829511144211159797978111122222222221111111111111111222222222111167116917539111461324171122221116722833113284861134933354911241752
7111527311725731157611116296216253111564844816194445115752112221134743648941211179341111452121213111111122222222222222222222222111111165817242111123911961753111222111688753855112415941166454254112191196
2672274169195341111119491488869812681117876631611111129559711222111372118855721111358191111911348916726111111111112221112111111171234356336711111719811578511122222142763199111112511111175684629156161176
4669111631213971311743341126795681125111111111111121156475381122221187111135795111113484111598211116347345533823511111811158772297885891711111117827114821112222211116981111111371661711152413283557911135
3613841128224191562454851734991614817583843111444313622351791112222111122111751341111111112637576271111111111124294198438211111151997311112111141784879111222221115635111171116485731827593491381194171339
7717621155642181113541421111141115157383111484958341784519589511122222222221111863619111174626688599724441221966411111111111778881111112211131695648111122222111557911994531131364489956751211177643511792
9474179118719311891343645111117711975924611549814111115711497648111222333322221111644917317455711111111111111834172591111382387511112211111137561111122222211195897124771863545967989871113464157411181636
8477112711172152559579417984481428911111111117341979911111222389431112222333322221111196772755913721111111586128935863965621111112222212849811111222222221111556911496775436138932111111117646111111274776
6484111873777376111111111794997279159474111771454845162813885518569911112234333322222111111152638262231587646174816711111111222222333211111112222232211111716763611111157212136111119487177697646283368819
6539111432956862711771238117146598718715688748328476384242737512749754111234444333332222222111111111111111111111111112222222233333343222222222333332119184636878337442448675311116918344566185394511111897
8845761249329384381136926533116626176568139454871451131459269423467452291233333333333333332222222222222222222222222222333333333333333333333333333332119843186743872599954418491117314521115374394112131797
2615631163155231423111159361418174711111111111111111111111111111111111111222222222222222222222222222222222222222222222222222222222222222222222222222111111111111111111111175742111111117759945856118911777
3915561196171668124644111115473171176373411111111111111111111111111111111111111111111111111111111111111111111111111111111111111111111111111111111111111111111111111114111441464591174381275896931124219631
8491181229133641918841538799943117122932985411457145797647382552131424188112326645918645532167446279893184769642219134234559316818742782741345939679355865319918115268747195814137631111111115511186881516
7169114124111958194318181453698625975511851844551111111133217611118536312831911111632564834511111111235535741563919333731111177696521852111298774973864111111118638926111111133217111796742511345135723955
2629565446211111181233291118899889442633119459114815111113111144311119633111111111111263741134561111814933532114653344111111111114529111111111181958411111169811638141176371118131117748394811194113476941
2746748855653471196426138711119481447164591961711919471141113375291117337127287129121234711716472917922815869287112581188613254112691174153819114439511185484851792711299149115614114622569111946932211621
2552413346296519321881517563119321112863811341314335111659141941111357727563646211111423416535145188559921913442119521182447166682191734687867123891111379261391775128848496118159511116317888467344735792
3989171825758373631178392111182871116885112612686325199971551111565894877571111111152431459657324623925253112867711698118977156834721617119549931172114679111399352461565437316256571185861941659386129339
9331467811415532517131191627257532771121199581178318157811595284228757276872914379339796376659286511111162111127171431121972659116869273311731188248618511177216629943468339598647319783958119287111114269
1111469157321613981533511722542311762675681762384151571573312259278949312283381392642219766278984113444911945537546664566574632111559431731111131944268514344868911598239473111193445116937995621177811561
9631269263246115951145141411565111111153815958427511111111118561168111111366581145799131111111884118157831194525177323969658862132477511659153911113471119142777857117653111431474197211311513295812411664
7571112548316188213123811954299841753244111112191345371542111757114788371115237211212969944611436611729348146414758473557379531168756139841767789116979116573822671311127128462167853341354721579669511219
3931162753571185671124112125715542615388211176522441114922118167641186691118149612114639171116984173417173224271572884975521734117474174744798111118561811166118894391111123666611871411559829129398114378
9742111111114872165111129839415811111111192669778961111111793139132111111117731663484111111228499815635748752851111111111454511291111187249869732939443927111166523858367158553272611622486522711111169284