144916
165878
143149
196525
170897
186326
107814
167688
177335
175134
138579
151831
158943
169869
121605
169523
177295
130101
123773
132850
120801
166142
181090
180991
126614
169844
101355
129483
169234
131087
108762
179415
190371
136232
127576
147462
175295
164435
155185
196161
183567
147588
184849
199007
149426
113668
114480
154494
118487
115886
126777
177362
192708
148210
124791
160708
167343
110351
142704
199152
121062
116280
194493
150144
109605
135659
142067
100653
166815
104389
150112
134502
117245
123037
102542
158267
138437
163992
161287
133718
156662
154597
137807
191811
159011
127009
167368
140419
100673
108914
175886
154685
142667
134057
133198
165730
112724
160551
179426
100171